1 50 1.0 12.145 12.145 
1 50 2.0 11.4 11.4 
1 50 3.0 11.145 11.145 
1 50 4.0 10.6975 10.6975 
1 50 5.0 9.9175 9.9175 
1 50 6.0 11.3025 11.3025 
1 50 7.0 10.4625 10.4625 
1 50 8.0 10.545 10.545 
1 50 9.0 12.33 12.33 
1 50 10.0 10.4025 10.4025 
1 50 11.0 10.0975 10.0975 
1 50 12.0 10.5075 10.5075 
1 50 13.0 9.7325 9.7325 
1 50 14.0 10.8125 10.8125 
1 50 15.0 10.965 10.965 
1 50 16.0 12.1975 12.1975 
1 50 17.0 11.344999999999999 11.344999999999999 
1 50 18.0 10.5275 10.5275 
1 50 19.0 11.297500000000001 11.297500000000001 
1 50 1.0 1 50 1.0 55.00000000000001	55.00000000000001 
1 50 2.0 55.00000000000001	55.00000000000001 
1 50 3.0 45.0	45.0 
1 50 4.0 45.0	45.0 
1 50 5.0 45.0	45.0 
1 50 6.0 65.0	65.0 
1 50 7.0 40.0	40.0 
1 50 8.0 55.00000000000001	55.00000000000001 
1 50 9.0 65.0	65.0 
1 50 10.0 40.0	40.0 
1 50 11.0 60.0	60.0 
1 50 12.0 30.0	30.0 
1 50 13.0 50.0	50.0 
1 50 14.0 65.0	65.0 
1 50 15.0 50.0	50.0 
1 50 16.0 60.0	60.0 
1 50 17.0 35.0	35.0 
1 50 18.0 55.00000000000001	55.00000000000001 
1 50 19.0 55.00000000000001	55.00000000000001 
1 50 1.0 50.0	50.0 
1 50 2.0 55.00000000000001	55.00000000000001 
1 50 3.0 40.0	40.0 
1 50 4.0 30.0	30.0 
1 50 5.0 40.0	40.0 
1 50 6.0 45.0	45.0 
1 50 7.0 55.00000000000001	55.00000000000001 
1 50 8.0 40.0	40.0 
1 50 9.0 70.0	70.0 
1 50 10.0 60.0	60.0 
1 50 11.0 45.0	45.0 
1 50 12.0 70.0	70.0 
1 50 13.0 65.0	65.0 
1 50 14.0 60.0	60.0 
1 50 15.0 65.0	65.0 
1 50 16.0 60.0	60.0 
1 50 17.0 50.0	50.0 
1 50 18.0 65.0	65.0 
1 50 19.0 45.0	45.0 
10 50 1.0 39.875	87.97500000000001	92.10000000000001	94.025	93.4	97.8	94.875	96.125	96.89999999999999	97.25	89.0325 
10 50 2.0 46.075	88.97500000000001	89.125	92.10000000000001	94.825	94.825	96.675	96.575	95.875	97.075	89.2125 
10 50 3.0 40.2	93.25	94.27499999999999	95.39999999999999	92.05	95.325	95.775	93.35	97.075	97.02499999999999	89.3725 
10 50 4.0 46.225	85.425	90.75	94.27499999999999	95.325	96.45	95.19999999999999	94.05	95.675	96.775	89.01499999999999 
10 50 5.0 38.824999999999996	82.65	91.675	93.325	94.825	94.675	95.05	96.3	97.475	96.125	88.0925 
10 50 6.0 42.699999999999996	84.2	93.075	91.9	95.075	96.22500000000001	96.8	95.325	96.89999999999999	96.72500000000001	88.8925 
10 50 7.0 46.075	86.6	89.575	92.475	97.5	93.825	92.25	96.0	95.7	95.72500000000001	88.5725 
10 50 8.0 45.574999999999996	88.44999999999999	92.15	93.75	94.525	96.3	94.77499999999999	96.825	97.2	97.15	89.66999999999999 
10 50 9.0 49.175000000000004	84.775	90.025	92.07499999999999	95.15	95.35	97.65	94.69999999999999	99.15	96.85000000000001	89.49000000000001 
10 50 10.0 42.725	85.975	89.0	93.05	94.975	94.65	94.72500000000001	96.45	95.65	97.625	88.48249999999999 
10 50 11.0 42.075	94.975	89.35	93.55	92.575	93.27499999999999	97.02499999999999	97.425	94.45	96.025	89.0725 
10 50 12.0 49.225	89.1	89.9	93.05	91.675	95.22500000000001	96.575	97.05	97.3	95.65	89.475 
10 50 13.0 41.275	86.97500000000001	88.925	91.60000000000001	94.875	95.625	97.075	96.075	95.72500000000001	96.775	88.49249999999999 
10 50 14.0 41.85	85.32499999999999	88.925	87.25	92.425	95.975	97.45	94.45	94.72500000000001	97.925	87.63 
10 50 15.0 38.275	83.675	89.8	94.025	95.42500000000001	94.825	95.375	96.39999999999999	96.25	98.05	88.21 
10 50 16.0 37.824999999999996	83.875	93.35	94.325	94.19999999999999	95.825	95.95	93.89999999999999	96.2	97.75	88.32000000000001 
10 50 17.0 45.550000000000004	83.525	91.27499999999999	89.67500000000001	93.15	96.65	94.6	96.325	96.475	96.75	88.39750000000001 
10 50 18.0 50.9	84.65	89.95	94.75	93.5	93.65	96.525	96.325	95.625	97.82499999999999	89.37 
10 50 19.0 45.85	87.275	91.925	92.925	93.05	95.89999999999999	93.10000000000001	96.72500000000001	96.89999999999999	97.8	89.145 
