5.000000000000000000e+04
4.000000000000000000e+00
0.000000000000000000e+00
4.000000000000000000e+00
1.224296000000000134e-01
2.868213806256430382e-02
8.268560000000002574e-02
1.646607277525518123e-02
6.802500000000000213e+00
5.000000000000000000e+04
4.000000000000000000e+00
0.000000000000000000e+00
4.000000000000000000e+00
1.073351999999999640e-01
8.826896873171227731e-02
9.152800000000001213e-02
6.863049771056596582e-02
7.152499999999999858e+00
5.000000000000000000e+04
4.000000000000000000e+00
0.000000000000000000e+00
4.000000000000000000e+00
8.209679999999998368e-02
4.803085914034851273e-02
8.211679999999998980e-02
4.801215635399019160e-02
5.742500000000000604e+00
5.000000000000000000e+04
4.000000000000000000e+00
0.000000000000000000e+00
4.000000000000000000e+00
3.853680000000000300e-02
3.534267358307801622e-03
3.578800000000000037e-02
4.937515164533675706e-03
4.199999999999999289e+00
5.000000000000000000e+04
4.000000000000000000e+00
0.000000000000000000e+00
4.000000000000000000e+00
3.608160000000001227e-02
8.635632081092850174e-03
4.213480000000000697e-02
5.409494334963297485e-03
6.014999999999999680e+00
5.000000000000000000e+04
4.000000000000000000e+00
0.000000000000000000e+00
4.000000000000000000e+00
1.550911999999999846e-01
5.443499109947575430e-03
1.545860000000000012e-01
5.869634060143785227e-03
1.014249999999999829e+01
100000.0000
4.0000
0.0000
10.0000
0.1190
0.0338
0.0872
0.0168
6.2910
100000.0000
4.0000
0.0000
10.0000
0.0630
0.0210
0.0500
0.0167
4.0320
100000.0000
4.0000
0.0000
10.0000
0.0547
0.0194
0.0547
0.0194
5.4000
100000.0000
4.0000
0.0000
10.0000
0.0597
0.0493
0.0526
0.0481
3.8310
100000.0000
4.0000
0.0000
10.0000
0.0609
0.0085
0.0687
0.0096
3.9440
100000.0000
4.0000
0.0000
10.0000
0.1627
0.0053
0.1605
0.0060
5.6090
100000.0000
4.0000
0.0000
10.0000
0.1096
0.0092
0.0859
0.0050
3.2140
100000.0000
4.0000
0.0000
10.0000
0.0480
0.0040
0.0411
0.0031
3.5890
100000.0000
4.0000
0.0000
10.0000
0.0575
0.0268
0.0575
0.0268
5.6420
100000.0000
4.0000
0.0000
10.0000
0.0367
0.0119
0.0351
0.0092
3.0690
100000.0000
4.0000
0.0000
10.0000
0.0401
0.0077
0.0460
0.0094
3.8180
100000.0000
4.0000
0.0000
10.0000
0.1566
0.0071
0.1531
0.0056
6.1040
100000.0000
4.0000
0.0000
10.0000
0.2282
0.0236
0.1570
0.0285
6.8880
100000.0000
4.0000
0.0000
10.0000
0.2226
0.0560
0.2088
0.0584
9.5900
100000.0000
4.0000
0.0000
10.0000
0.1426
0.0689
0.1437
0.0680
5.2450
100000.0000
4.0000
0.0000
10.0000
0.1554
0.0564
0.1432
0.0561
4.8950
100000.0000
4.0000
0.0000
10.0000
0.2355
0.0324
0.2721
0.0353
8.5170
100000.0000
4.0000
0.0000
10.0000
0.1721
0.0041
0.1741
0.0049
5.9640
