10 25 1.0 41.875 69.15 83.175 89.14999999999999 87.02499999999999 92.05 93.675 96.65 94.5 94.75 84.2 
10 25 2.0 45.324999999999996 74.52499999999999 83.65 87.55 93.675 95.22500000000001 93.05 94.22500000000001 94.05 94.85 85.61249999999998 
10 25 3.0 54.449999999999996 71.125 82.3 87.425 93.975 91.625 93.375 90.95 93.825 92.9 85.195 
10 25 4.0 42.4 76.925 87.125 91.025 91.05 90.725 94.75 95.675 93.27499999999999 95.15 85.80999999999999 
10 25 5.0 47.599999999999994 73.375 83.325 88.94999999999999 92.325 93.75 93.825 92.625 92.175 93.525 85.1475 
10 25 6.0 39.5 70.85000000000001 83.7 88.85 88.5 92.25 93.825 94.35 94.175 95.15 84.115 
10 25 7.0 38.1 78.325 88.55 89.0 92.175 90.85 91.60000000000001 95.3 95.92500000000001 94.35 85.4175 
10 25 8.0 44.775 76.425 84.5 87.75 90.4 94.325 90.7 92.65 95.525 94.875 85.19250000000001 
10 25 9.0 40.25 77.575 84.35000000000001 86.0 90.0 93.35 93.60000000000001 92.4 93.95 93.89999999999999 84.53750000000001 
10 25 10.0 41.3 77.825 86.47500000000001 87.425 91.57499999999999 93.175 94.175 94.625 95.35 94.175 85.61 
10 25 11.0 40.8 77.35 83.6 88.02499999999999 92.625 92.35 90.125 93.22500000000001 94.6 94.075 84.67750000000001 
10 25 12.0 37.025000000000006 78.77499999999999 84.25 91.77499999999999 90.95 93.0 93.475 92.975 93.625 95.525 85.13749999999999 
10 25 13.0 37.5 68.4 80.825 87.94999999999999 90.5 92.77499999999999 93.55 94.1 95.7 94.425 83.57249999999999 
10 25 14.0 54.55 68.925 83.65 90.85 90.225 93.27499999999999 92.4 93.075 94.25 95.775 85.6975 
10 25 15.0 45.725 81.8 79.60000000000001 82.65 93.10000000000001 91.27499999999999 91.825 93.45 92.975 96.475 84.8875 
10 25 16.0 42.775 69.975 85.85000000000001 88.725 87.775 92.25 94.35 96.025 93.72500000000001 92.425 84.38749999999999 
10 25 17.0 45.525 73.97500000000001 84.475 88.47500000000001 90.575 94.075 93.65 92.25 95.0 94.1 85.21000000000001 
10 25 18.0 36.05 75.4 89.0 87.94999999999999 90.2 91.25 94.025 93.25 94.475 93.125 84.4725 
10 25 19.0 46.800000000000004 74.425 83.475 90.8 89.8 94.0 91.9 94.375 96.22500000000001 95.75 85.75500000000001 
