10.0 x 0 0.5377838964067219 0.6349254079475675 -50.0291536956718 -18.302415117521605
10.0 x 1 0.5521417532299063 0.6505864202488267 -50.0291536956718 -2.0467585722028616
10.0 1 2 0.545576865539843 0.643470025726956 -46.812415829014896 3.1659381214113935
10.0 2 3 0.5442799275925793 0.6420516986619207 -35.505760158855175 10.98564294416655
10.0 x 4 0.5426115777782429 0.6399770824712562 -35.505760158855175 -21.74115403208841
10.0 3 5 0.5397759950423943 0.6368417633031559 -34.50940638588263 0.9881513618911768
10.0 4 6 0.536791214139134 0.6337186858950647 -31.11970883028203 3.2621637656891096
10.0 5 7 0.5268041479198621 0.6224254270817876 -28.233727065462556 2.794903887949271
10.0 6 8 0.5270623590829975 0.6226276300915544 -25.980556855852956 2.0880722850903837
10.0 7 9 0.5210762084100347 0.6161821293553902 -23.11469473341128 2.50607177494863
10.0 8 10 0.5206150794559277 0.6156599535572811 -23.315376619177393 -0.13100933612906474
10.0 x 11 0.5272517305495844 0.6231042349386594 -23.315376619177393 -3.603026444504991
10.0 9 12 0.5119649146340376 0.6058133854979602 -23.247144705891266 0.18604324321040622
10.0 x 13 0.516267360557598 0.6105279413207013 -23.247144705891266 -0.8637178584531178
10.0 10 14 0.51842054183693 0.6126054169412205 -23.35734751270515 -0.19034814511855203
10.0 x 15 0.528220952403961 0.6235783827471572 -23.35734751270515 -3.068662400439006
10.0 11 16 0.515923357722065 0.6099508050733016 -23.86358937355852 -0.3846882897488477
10.0 12 17 0.5047693707948513 0.5975670936828106 -24.716511237950414 -0.6438978640354378
10.0 x 18 0.5039042549657123 0.5965513487345899 -24.716511237950414 -1.8406511751044903
10.0 13 19 0.5016890082512182 0.5939323008500109 -21.831668373344943 2.218314443382578
10.0 14 20 0.4919252925998692 0.5829395170319812 -21.67932114609409 0.03048098110233255
10.0 x 21 0.48761303865715555 0.5779744301034174 -21.67932114609409 -1.13287750421879
10.0 15 22 0.4927425001587454 0.5836938320604769 -21.703947098819235 -0.02432005280152083
10.0 16 23 0.4954697846973726 0.5865917877564144 -21.390325948003866 0.5138836842415806
10.0 x 24 0.4953286709940093 0.5863285188403312 -21.390325948003866 -1.9945276455500895
10.0 17 25 0.4945433377209241 0.5858703455304756 -21.390859437209834 0.18239004725073826
10.0 18 26 0.4939171061062919 0.5852697402458046 -21.331176180896165 -0.13288955972786454
10.0 19 27 0.48883110720683903 0.5796954008961368 -20.95631568298137 0.4840702331074098
10.0 20 28 0.4968191529116305 0.5886214034302825 -21.504242735449647 -0.47435970486634815
10.0 x 29 0.49392609880602256 0.585447270836672 -21.504242735449647 -1.3502874682436214
10.0 x 30 0.5038071987781725 0.5963981523769017 -21.504242735449647 -0.9737574737830457
10.0 x 31 0.49033917218405976 0.5811510234598916 -21.504242735449647 -1.5700261790459784
10.0 21 32 0.500656856452161 0.5928622830191712 -22.27983798498267 -0.615416376919601
10.0 x 33 0.5071586246151101 0.6002535808213967 -22.27983798498267 -2.381678014605569
10.0 22 34 0.5059604059496887 0.5988376035181051 -23.2132223719791 -0.8463989415488911
10.0 23 35 0.5107341454295578 0.6040499225924603 -22.266304750196905 0.5750221927288273
10.0 x 36 0.5164823503449427 0.610255071657019 -22.266304750196905 -1.177617142558045
10.0 x 37 0.5109444407893385 0.6039814277271153 -22.266304750196905 -0.48078197668522904
10.0 24 38 0.5110201245897543 0.6044307191477396 -22.281075997118922 -0.020378282130039338
10.0 x 39 0.5115228802296342 0.6049689934120825 -22.281075997118922 -0.2851489915656735
10.0 x 40 0.5108045083650904 0.6041791764046174 -22.281075997118922 -0.3730073564414482
10.0 25 41 0.5529029574157359 0.6515198526575253 -26.69356985533568 29.176457850491715
10.0 26 42 0.5494109268415011 0.6473726865964893 -24.70116387055473 1.7006898900555285
10.0 27 43 0.5495120600524517 0.6473163231221436 -24.48572922812702 -0.041935902815055215
10.0 28 44 0.5556571808636946 0.6540390846930876 -26.696717930351884 -1.696581380932873
10.0 29 45 0.5588545603978394 0.6574081047463323 -25.576824862316197 0.9228507207288033
10.0 x 46 0.5647669456052615 0.6638851461098251 -25.576824862316197 -1.9399172111074456
10.0 30 47 0.5585379705844994 0.6571247219429316 -24.931552352111407 0.3858428680275381
10.0 31 48 0.5548022698606877 0.6527852604122646 -25.16883131586894 -0.006725437192955042
10.0 32 49 0.5550514286414346 0.6532341237135538 -25.019687018356308 -0.28507984264776454
10.0 33 50 0.5553020494651787 0.6530947012813582 -24.847701023910567 0.2471202019404828
10.0 x 51 0.561763002438584 0.6603245771069615 -24.847701023910567 -0.13189513681814802
10.0 x 52 0.5589137504968078 0.6571222377803891 -24.847701023910567 -1.6178187734692635
10.0 34 53 0.5502075056088808 0.6474143447597178 -24.482359465336835 0.4721802161837445
10.0 35 54 0.5538290028204581 0.6514063053275184 -24.792158820203937 -0.18797629425318263
10.0 36 55 0.5531620626414435 0.6503636526550944 -25.53338492945085 -0.5402643189290153
10.0 37 56 0.5503292492457359 0.6475647226175114 -24.95466368044198 0.5054798861507024
10.0 38 57 0.5439189827574481 0.6408112014333606 -24.330206143302355 0.23980411552716774
10.0 39 58 0.541493190740221 0.6380337709451968 -24.159434463663146 0.1996068872619361
10.0 x 59 0.5356156693805734 0.6316078012636717 -24.159434463663146 -1.2358814539819605
10.0 40 60 0.5406435815398094 0.6371621763983946 -24.081805546066484 0.35114494625675263
10.0 41 61 0.5386290806400299 0.6346102434935118 -23.846270808655948 0.11698718927045704
10.0 x 62 0.5442799757852128 0.6411542407602103 -23.846270808655948 -1.2727590875085575
10.0 42 63 0.5401443050507981 0.6365537066321233 -24.3278678402638 -0.2652621842273497
10.0 43 64 0.5416963336473037 0.6382791275634222 -24.080507767265278 0.11382627043510851
10.0 44 65 0.5409377388935471 0.6373765594185892 -24.46050452633195 -0.23065845964473652
10.0 45 66 0.5317866227314095 0.6271795880793055 -23.493199254406736 0.8228146250835877
10.0 x 67 0.5395154407353044 0.6358909750034198 -23.493199254406736 -4.501374655244707
10.0 46 68 0.5287519953798416 0.623948030027805 -23.581031294132153 0.04859809377136415
10.0 47 69 0.5253531959069002 0.6203252461322992 -23.10537535514037 0.28300591643537487
10.0 48 70 0.5235022359439132 0.618400727103309 -23.01775721933556 0.06354467604499803
10.0 49 71 0.506803432365741 0.6000923977874251 -23.009568920810466 -0.25625362096185356
10.0 x 72 0.5134719669386691 0.6075642935371861 -23.009568920810466 -1.1528637657736205
10.0 50 73 0.4983370221386818 0.5905862818147024 -21.545657574375323 1.833071214601862
10.0 51 74 0.49969829955652745 0.5920832857118349 -21.645450708563867 0.006493488064784003
10.0 52 75 0.49484791946634654 0.5866133671911751 -21.324770987178198 0.2474261787302261
10.0 53 76 0.4930597640505435 0.584829641147996 -21.352100608758505 0.1342622633230519
10.0 54 77 0.4903356882222594 0.5816213812269863 -21.56622033146312 -0.09313351239472212
10.0 55 78 0.4903274612480385 0.5814927829866219 -21.243427974946016 0.23256444784387043
10.0 56 79 0.4945203380596007 0.586029946553573 -21.510348549469107 -0.6176932353640794
10.0 x 80 0.49446290661677833 0.5858296409730073 -21.510348549469107 -1.2601398774218602
10.0 57 81 0.5515930840245518 0.6498412993953298 -24.57774520060274 31.06558544451601
10.0 58 82 0.5512990701023424 0.6494060447054968 -24.84934391792352 -0.11418355473981734
10.0 59 83 0.5524515247110633 0.6504488788365865 -25.61855041943918 -0.6262490566053387
10.0 60 84 0.5506987351889016 0.6486122132236517 -25.488607577946663 0.12331350316373957
10.0 x 85 0.5447501534177333 0.6419886299935064 -25.488607577946663 -0.6082595718706472
10.0 61 86 0.5464890972179397 0.6437884258176663 -25.160691915152476 0.3283691691349482
10.0 62 87 0.5443795141975024 0.6415161606947108 -25.081832037149177 0.08198038999665869
10.0 x 88 0.5451290357195921 0.6424070555212021 -25.081832037149177 -0.9467811162907935
10.0 63 89 0.5404990586433189 0.637120780922047 -24.3664947011025 0.6200783244188024
10.0 64 90 0.5313291606007217 0.6268624409462712 -23.498683746135338 0.7561596075862766
10.0 65 91 0.531984511867783 0.6271792324103227 -23.710185068973825 -0.12042952090497039
10.0 66 92 0.5390250363121033 0.6347574021697104 -24.413391034379934 -0.640378981396335
10.0 x 93 0.5363723259292299 0.6316565614336808 -24.413391034379934 -1.3931369107106164
10.0 x 94 0.5423464031774289 0.6385078233959518 -24.413391034379934 -5.787074551311807
10.0 67 95 0.5305343019160507 0.6249879314641863 -23.439199141843908 0.8266585065804932
10.0 68 96 0.5330563914253935 0.6279374690114758 -23.539811872620525 -0.20431230960568314
10.0 69 97 0.5278141530893378 0.6221087882820857 -23.79645497190742 0.04861191869771986
10.0 70 98 0.5134121572748189 0.6063698396814299 -22.94716031285679 0.8998480232055144
10.0 x 99 0.5215664288158568 0.6155041790721385 -22.94716031285679 -2.5280651438106965
10.0 71 100 0.5225020911120568 0.6165200854879291 -24.044203178801382 -1.0273898084965616
10.0 72 101 0.5224407868320362 0.6164126832679946 -23.418941261295544 0.510283107786691
10.0 x 102 0.5207305983918703 0.6145751785428435 -23.418941261295544 -1.4689757493637252
10.0 73 103 0.5211989633972858 0.6152625503997747 -23.172838714550586 0.1999511679335768
10.0 74 104 0.5202345744092121 0.6142922914458052 -23.049216039325735 -0.2497548532478362
10.0 75 105 0.5158421948575423 0.6094409498292171 -22.631708344220478 0.5147932898789023
10.0 76 106 0.506397784811744 0.5988375659695169 -22.036151245795967 0.6732412951069016
10.0 77 107 0.5031684843137562 0.5951291307947033 -22.03648887164927 0.2394806784485901
10.0 78 108 0.492565378978923 0.5831619277831392 -22.87521750184298 -0.5221529541104282
10.0 79 109 0.4915949016404312 0.5821668272542193 -22.732214651424908 0.14884911246624455
10.0 80 110 0.49642510460101325 0.5877847307303288 -22.669093209257408 0.0038563442159968986
10.0 81 111 0.4970718472488221 0.5886434134086604 -22.261896884693705 0.32858542481399056
10.0 x 112 0.5013670008395248 0.5933975736863817 -22.261896884693705 -2.248869658692989
10.0 82 113 0.4937404946503196 0.5849095346033877 -22.234067679785614 0.0671487690827739
10.0 83 114 0.49477148583676117 0.5857167513286894 -21.321294407519737 0.5917517164635093
10.0 x 115 0.5039966309774371 0.5961682308214088 -21.321294407519737 -1.1899274959541692
10.0 x 116 0.505374604646287 0.597687740726342 -21.321294407519737 -0.7000708265443194
10.0 84 117 0.4879999474933866 0.5782073407682067 -20.991871293162372 0.22676685872641755
10.0 85 118 0.4928067491790363 0.5835142373985669 -21.35672088570181 -0.43463158368253474
10.0 86 119 0.49672439518495787 0.5877626547065635 -21.811397382701518 -0.5464983761617042
10.0 87 120 0.4970133868002224 0.5880917354637571 -21.493327689495903 0.6307035416854205
10.0 88 121 0.5486959897228061 0.64679569194052 -26.292265920649697 29.4672638084457
10.0 89 122 0.5547437585358752 0.6532816188841672 -26.557915121350447 -0.3012283498108701
10.0 x 123 0.5519698778709502 0.6500229099154123 -26.557915121350447 -0.4576860440034025
10.0 90 124 0.556878675293908 0.6554697293597319 -26.987942293763933 -0.4029280606364374
10.0 x 125 0.5531911574630993 0.6512595591211434 -26.987942293763933 -6.4461270919047955
10.0 91 126 0.5598935432975107 0.6588745339276435 -25.20335328406311 1.4384969394529108
10.0 92 127 0.5681712789458578 0.6679531159001798 -26.262975690135296 -0.9381123854212206
10.0 93 128 0.5652264192674763 0.6649608430110782 -25.89003061308781 0.3519768774542378
10.0 94 129 0.5630780506789619 0.6624283828510725 -25.932736690986182 -0.006360263005916522
10.0 95 130 0.5627032102975273 0.6619060846762226 -25.836876528488244 0.08553240691459152
10.0 x 131 0.5536307266723878 0.6519630445880632 -25.836876528488244 -4.908646508247781
10.0 x 132 0.5596201779665803 0.6588758703074153 -25.836876528488244 -1.2113431608651481
10.0 96 133 0.5672987548850286 0.6671567062663172 -25.82804530277513 -0.06565174669587392
10.0 x 134 0.5746382169245466 0.6749995619432542 -25.82804530277513 -1.0842731187979204
10.0 97 135 0.5706291679389462 0.6705477160031347 -25.646704789779314 -0.16993174963336344
10.0 98 136 0.5730226877108672 0.6731157610470623 -25.94305368908793 -0.3876107082712217
10.0 99 137 0.5757457740570302 0.6759462630235202 -26.11489102095491 -0.19318554445295888
10.0 100 138 0.5832137576947855 0.683998650756721 -26.430014274730343 -0.3257216183758871
10.0 101 139 0.5808328399000271 0.6812371278333682 -26.27092139523636 0.18099498074245446
10.0 102 140 0.5754118212663646 0.6754100074602319 -25.890634252547308 0.44617776297757317
10.0 103 141 0.5808918564251343 0.6814690323846953 -26.3501223538339 -0.563842516837969
10.0 104 142 0.5778804297926607 0.6779663405663465 -26.047150708208836 0.3862466946107048
10.0 x 143 0.5823795423508408 0.6830211638997329 -26.047150708208836 -1.244674873872448
10.0 x 144 0.5832734540258409 0.6836990208106336 -26.047150708208836 -1.013977960978604
10.0 105 145 0.5743166230593064 0.6742703682567683 -25.760479567980717 0.4014299722826813
10.0 x 146 0.5729129105272643 0.6729468205616539 -25.760479567980717 -0.24788147255731374
10.0 106 147 0.573965469002905 0.6739858922528984 -25.751601778105616 0.06934857739688027
10.0 107 148 0.5785795034687895 0.6789786508222138 -26.01258592938071 -0.3742174631981108
10.0 108 149 0.5795237179876902 0.6798935673126375 -26.075904999881534 0.08250840755567879
10.0 109 150 0.5786847854272529 0.6791656967236387 -26.81836651855237 -0.508384150572617
10.0 110 151 0.5715234210034331 0.6714537414880726 -26.833015240615055 0.07596589768379758
10.0 111 152 0.5696356343341034 0.6690887085703628 -25.764654979887347 0.8775206213734066
10.0 112 153 0.5662976249902427 0.6654072101724008 -25.583238145053276 0.18639484911679816
10.0 113 154 0.5671912129138583 0.6666535729518023 -26.23980020743894 -0.5218274883789924
10.0 x 155 0.575447486542974 0.6755999681589198 -26.23980020743894 -2.3639336489054728
10.0 114 156 0.5666906747076522 0.6662043682146229 -27.168603459031864 -0.7872788488459719
10.0 115 157 0.5648580838942779 0.6643871366195142 -25.586930207800158 1.3371025093182496
10.0 116 158 0.5641201076179849 0.6638237932358394 -25.242870136097018 0.19461810876377683
10.0 117 159 0.5599809056776723 0.6592324679856757 -25.478990785847582 -0.017396608918470946
10.0 118 160 0.5592826649965358 0.6585648366581072 -25.285514851447775 -0.2632810566403734
10.0 119 161 0.5508287399098986 0.6492553895915657 -24.5245242233314 31.264539259086522
10.0 120 162 0.5509752158763749 0.6494441260354219 -24.64790535618581 -0.21704440968970218
10.0 121 163 0.5536910101405226 0.6523435762610255 -25.481517917900078 -1.050562619282843
10.0 122 164 0.5553365606313625 0.653834304546534 -25.95925682468114 -0.5682211506303645
10.0 123 165 0.5545958667480447 0.6530696330640958 -27.10464255687855 -1.3342269577440469
10.0 124 166 0.554244151037819 0.6525401204706818 -26.0988497973839 1.1689662861024779
10.0 x 167 0.5546429460954957 0.6532893216885033 -26.0988497973839 -2.258846873240806
10.0 x 168 0.5519599733752868 0.6498748851421182 -26.0988497973839 -1.2315659611110412
10.0 125 169 0.548856602758634 0.646834011029722 -26.35861990219154 -0.3336413571289718
10.0 126 170 0.5478553800710195 0.6455511903227377 -25.266287789261956 1.2888657543958004
10.0 127 171 0.5575715911649207 0.6559615335041172 -25.51823194437646 -0.21934090455659927
10.0 128 172 0.5560403084041653 0.6542573022156567 -25.09233812987852 0.5341571052004639
10.0 129 173 0.5534457872532791 0.6513345095755841 -25.33352630202996 -0.33984325732290444
10.0 130 174 0.5521215250973747 0.6498809530447182 -25.25627143243225 0.09175328365963509
10.0 x 175 0.5473530978313944 0.6449386670690764 -25.25627143243225 -1.2388913258202336
10.0 131 176 0.5487959780510305 0.646344216349455 -25.30503203381364 -0.08971785774853913
10.0 x 177 0.5412935609100553 0.63801645454769 -25.30503203381364 -1.8629026740413828
10.0 x 178 0.5439369644391016 0.6408706841023927 -25.30503203381364 -2.8697144027006978
10.0 132 179 0.5406786398219259 0.6378375094452601 -25.15391818385356 0.1277336176856032
10.0 133 180 0.5358032752739182 0.6325304302906689 -24.67086254558523 0.5389286124639661
10.0 134 181 0.5402754650356177 0.6374170897492459 -25.37052371484031 -0.8046525538734173
10.0 x 182 0.5397547957102324 0.6368597416139412 -25.37052371484031 -4.3750945737189575
10.0 135 183 0.5364674060870904 0.6332854809296935 -24.68970984340613 0.7800894229715958
10.0 136 184 0.5359176927235206 0.6328515430914465 -24.42434940004037 0.3242380089336514
10.0 x 185 0.5320663154336917 0.6285729272397093 -24.42434940004037 -0.4055591546903017
10.0 137 186 0.5313848412853677 0.6278879111832296 -25.4663340794527 -1.2642154054410355
10.0 138 187 0.5342180609234736 0.6309720228361512 -25.924612175821988 -0.5085446566558396
10.0 139 188 0.5379303860702119 0.6351676111265625 -25.842144056642997 0.09800942773540555
10.0 x 189 0.5491981443159171 0.647391540886869 -25.842144056642997 -0.9485007461192865
10.0 x 190 0.5322837717337782 0.6286787264314849 -25.842144056642997 -0.8614232447836656
10.0 x 191 0.5420999606173571 0.6398032490770499 -25.842144056642997 -0.5646756941710294
10.0 x 192 0.5384176040918348 0.6357831694263506 -25.842144056642997 -1.5598481059427485
10.0 x 193 0.5322004529150733 0.6287424518982322 -25.842144056642997 -1.0398156555048388
10.0 140 194 0.540295046778272 0.6379166531635357 -26.309505138193366 -0.5286147455228765
10.0 x 195 0.533531197342071 0.6304643733337497 -26.309505138193366 -0.6188623970811733
10.0 141 196 0.5365858142114588 0.6340352571157295 -24.21598359298161 2.463930570946296
10.0 142 197 0.5289421623883063 0.6254596183203571 -25.205031845322274 -1.2458235383904537
10.0 x 198 0.5258292285058523 0.6219786264673234 -25.205031845322274 -1.5215174603817267
10.0 x 199 0.5400181030215231 0.6377332705955886 -25.205031845322274 -1.3344381214481515
10.0 143 200 0.5337802071296404 0.6311254461085194 -23.731696734194756 1.8537881310130047
10.0 144 201 0.5508025507366877 0.6493705679604515 -25.25006357442435 30.071546908864068
10.0 145 202 0.5473841666577193 0.6457553261482976 -25.30549371845894 -0.08859300137917003
10.0 146 203 0.5465023875128043 0.6446279941461525 -24.811820683430565 0.6013189475577683
10.0 x 204 0.5468096968033599 0.6450151361357579 -24.811820683430565 -1.9288663572869247
10.0 147 205 0.5469914385006038 0.6451595011486074 -24.956213416774204 -0.18090311930260228
10.0 148 206 0.5383359466470556 0.6358397892573232 -23.99208651452537 1.1603860066793956
10.0 149 207 0.5433647152184754 0.6413669092818366 -24.118038023943505 -0.027926076774463127
10.0 150 208 0.5443357528669726 0.6423365534538098 -24.165245755989552 -0.03304983767576175
10.0 151 209 0.5441408643424445 0.6422033325669696 -24.20799004079841 0.0751770033087702
10.0 152 210 0.540932359415619 0.6387721863467294 -24.426729822753625 -0.05717709241892521
10.0 153 211 0.5343327142694154 0.6314133342587783 -23.994402773406893 0.4398088746354887
10.0 154 212 0.5317759946853933 0.6284601263116852 -24.242711973640983 -0.1506704759594939
10.0 155 213 0.5204886421901591 0.6159794195286489 -23.947676327327617 0.39742059189935475
10.0 x 214 0.5222234351604482 0.6178527430438476 -23.947676327327617 -1.0194467195736436
10.0 156 215 0.5167039292399564 0.6117228346424286 -22.67138492086844 1.022937853759192
10.0 157 216 0.516216606293266 0.6114105230933573 -22.579957838412685 0.008799208029312666
10.0 x 217 0.5220543444269283 0.6180222944162626 -22.579957838412685 -0.3482287464727918
10.0 158 218 0.5212419324377399 0.6171194527193391 -22.871395560958074 -0.33101934837686287
10.0 159 219 0.5215033557200732 0.6173628875274842 -22.883745007478332 0.02326083447152527
10.0 160 220 0.522862569355575 0.6190263282124372 -23.089088789734898 -0.08924178877706268
10.0 161 221 0.5175565367880149 0.6131094287020208 -22.68410076416213 0.3582283682595637
10.0 x 222 0.5147927752685273 0.6098078973377382 -22.68410076416213 -0.3067617782857788
10.0 x 223 0.5181735021628592 0.6140762311582431 -22.68410076416213 -1.3592417688052443
10.0 162 224 0.5178682480744666 0.6135258944122526 -22.871184297275484 -0.41828256995480473
10.0 163 225 0.5234480082878412 0.6196703982426066 -23.652338165452516 -0.3543753818892945
10.0 164 226 0.5192720722919723 0.614818594230046 -23.96516641892914 -0.20334360836486098
10.0 165 227 0.5173965375905255 0.6127906547827016 -24.78504938345842 -0.7142607105540257
10.0 166 228 0.5173634842300078 0.6128092177918649 -23.906530374940573 0.7713618736782593
10.0 x 229 0.5208772680922199 0.6166149373053087 -23.906530374940573 -0.7909052091809272
10.0 167 230 0.5134420358735589 0.6084133781070866 -25.08393826029832 -1.0042675545338575
10.0 168 231 0.503471943665266 0.5972656631003144 -22.492085406844527 2.360088280682014
10.0 169 232 0.49713632387085804 0.5902593692658671 -22.656331978534496 -0.05557556222728621
10.0 x 233 0.5013784266551635 0.5950688338398945 -22.656331978534496 -2.810751550286472
10.0 170 234 0.49838498806995907 0.5915991397714404 -22.655908430497984 -0.01408589182542741
10.0 x 235 0.49651502412175985 0.5894682899033415 -22.655908430497984 -0.6013306736693309
10.0 x 236 0.5004242347863529 0.5939159694765234 -22.655908430497984 -1.0493421586198721
10.0 171 237 0.49334206638070716 0.585965388006877 -21.67090354115603 0.8669946476780659
10.0 172 238 0.49444504370732 0.5872547479312022 -21.420393524780287 0.14590019450707103
10.0 173 239 0.4849587860006834 0.5761990084934857 -21.046134256443224 0.48420271134155257
10.0 174 240 0.487550735014905 0.579274306286531 -20.897557196338912 -0.012756771383575227
10.0 175 241 0.5485794102187806 0.6467738634279662 -24.450543906438625 30.928644443698737
10.0 176 242 0.5470547075401632 0.6452110167946619 -24.602237011419682 -0.4463905821364662
10.0 177 243 0.5511560415715303 0.6501858281134771 -24.647750734807012 0.010355274668093273
10.0 178 244 0.5554002871665963 0.6546872577376737 -25.045318878344112 -0.09318126171188368
10.0 179 245 0.5564197706506582 0.6556579048971009 -24.81628999953621 0.05649429377861992
10.0 180 246 0.5582533937928338 0.657594763789203 -25.155112767240563 -0.5371926711585182
10.0 181 247 0.5604408661944067 0.6603238542444966 -25.928583679014544 -0.9652013362057197
10.0 182 248 0.5576743147649141 0.6572551026880133 -25.373994432955477 0.6604768217661174
10.0 183 249 0.5489663550230586 0.6477925108462049 -24.475905109371364 1.1059394635165454
10.0 x 250 0.5455593178573362 0.6442941472961823 -24.475905109371364 -0.3548642635702528
10.0 184 251 0.5521366714274044 0.6513016146013711 -24.944964962391772 -0.179531747340679
10.0 185 252 0.5462219255774144 0.6447314677816767 -25.80962230234699 -0.6161670703220885
10.0 186 253 0.5419614350690338 0.6395598942286801 -24.502434283198678 1.1447363885488215
10.0 187 254 0.530924461198557 0.6273849372582135 -24.29925258024344 0.32235040044366414
10.0 188 255 0.5333996805747931 0.630428795370085 -24.637132327017877 -0.3122671724838675
10.0 x 256 0.5236778604927868 0.6196082215705281 -24.637132327017877 -1.0554606223839045
10.0 x 257 0.5369782397774365 0.6341842859975897 -24.637132327017877 -4.518494224805341
10.0 189 258 0.5369521010949354 0.6346933875470647 -24.949009867659868 -0.30780652374933126
10.0 190 259 0.530398928175959 0.6274680634810765 -23.676162044562677 1.1146646850795427
10.0 191 260 0.5227761014069636 0.618888496034766 -22.95642353292758 0.5620000101641374
10.0 x 261 0.5196040656242523 0.6153556001627092 -22.95642353292758 -0.3191471050898791
10.0 192 262 0.5160395482745974 0.6112173832835673 -22.572298437511613 0.38768609263409815
10.0 193 263 0.5224106440361089 0.6180791900097965 -23.432451380805574 -0.6269304744262527
10.0 194 264 0.5309196136822193 0.6274001972106106 -23.442116604689556 -0.3574543140490256
10.0 195 265 0.5209821577446646 0.6163951897475762 -23.283375500182256 0.48840427457328417
10.0 x 266 0.5174341864390415 0.6121940322774733 -23.283375500182256 -0.4363582833868165
10.0 x 267 0.5267486207987113 0.6231309240565058 -23.283375500182256 -1.7291180224433162
10.0 196 268 0.5240586751380694 0.6196075804794112 -23.728396547403953 -0.40170422809906725
10.0 x 269 0.5278673428966016 0.6238555973160773 -23.728396547403953 -2.32522592070044
10.0 197 270 0.5181582627079543 0.6131176503992747 -22.70442633793189 0.7850525882914603
10.0 198 271 0.5259365353746299 0.6215174148366673 -23.30008248455443 -0.5233883936687427
10.0 199 272 0.5276111363740094 0.6232523593160146 -23.23737952585074 -0.06532282122028477
10.0 200 273 0.521675497660732 0.6170113571320275 -23.22529901812766 0.21212553708292248
10.0 201 274 0.5279442011869533 0.6240030334381304 -23.250450348967128 -0.27689529616260344
10.0 x 275 0.5253257015084717 0.6210969336483131 -23.250450348967128 -1.48542930484912
10.0 202 276 0.5231839424256689 0.6189000578493911 -23.115861204969224 0.0319507169558797
10.0 203 277 0.5207488788141825 0.6162209831290067 -23.383916099269754 -0.40599077452560905
10.0 x 278 0.5203059569407238 0.6155053894439121 -23.383916099269754 -1.89895419241385
10.0 204 279 0.5267239710881239 0.6227900710930478 -23.629664947927324 -0.2532298594658897
10.0 205 280 0.5316152854053345 0.6283074123731255 -23.522726978326176 0.24290024769375407
10.0 206 281 0.5456111573876791 0.6435167834029575 -24.51830821505327 30.971542477179025
10.0 207 282 0.5512247158980126 0.6495200842362199 -24.5390032350158 0.13612335969234124
10.0 x 283 0.540210060597836 0.6377057834369293 -24.5390032350158 -1.5790790571608326
10.0 208 284 0.5540188239972723 0.6527294753515138 -24.68815129743891 -0.15752875219476437
10.0 x 285 0.5554318546309828 0.6544188481590654 -24.68815129743891 -1.1400514313659436
10.0 209 286 0.5557274115945257 0.65465802498124 -24.79419995837378 -0.04928587419182762
10.0 x 287 0.5577922248431607 0.6566986955000979 -24.79419995837378 -0.5269164366956041
10.0 210 288 0.5518485190718517 0.6501491119156385 -24.67734435781279 0.20431400727889226
10.0 211 289 0.557665332429439 0.6563745752160344 -25.28615233251004 -0.525257557307711
10.0 212 290 0.5579673556692074 0.6563860491160012 -24.898680723509756 0.17425860139165295
10.0 213 291 0.5598866235654008 0.6583744556959772 -25.09698730574284 -0.10743147010731136
10.0 214 292 0.5580613087663394 0.656371643312825 -25.169007667081196 0.01120947065896516
10.0 215 293 0.5577821542021043 0.6561316375226239 -24.9477302713495 -0.059254150188863264
10.0 x 294 0.5658347409426867 0.6650329074693443 -24.9477302713495 -0.2936712260704084
10.0 216 295 0.5503175803958675 0.6481027611759294 -24.578019959387962 0.3684896040541723
10.0 217 296 0.5522050571460462 0.6498826581182691 -24.774403316391055 0.06473878028083391
10.0 218 297 0.5452559584378349 0.642447787655656 -24.77399809901946 0.128638013253088
10.0 219 298 0.542286859299827 0.6391664751984104 -25.281518461347282 -0.38835478280895686
10.0 220 299 0.535437848510614 0.6318508205177628 -26.231579178335306 -0.765640925372626
10.0 x 300 0.5363077706190833 0.632557829244381 -26.231579178335306 -2.1825901037837205
10.0 221 301 0.5317541032367338 0.6277007982331465 -23.479185101517462 2.269597102987632
10.0 222 302 0.530027427063553 0.6257607552486348 -23.47511380170417 0.07911256973961756
10.0 223 303 0.5412619936846276 0.6379864082057297 -23.99458126098265 -0.6604428674374603
10.0 224 304 0.5388846640318746 0.6351203086639531 -23.87726931726874 0.1634829881357618
10.0 225 305 0.5369776630777537 0.6330396372808138 -23.761237544401283 0.10017256585475565
10.0 226 306 0.5261156513663916 0.6212766176970778 -23.45565142368134 0.10667242105709818
10.0 x 307 0.5251968274245076 0.6200442297819906 -23.45565142368134 -0.7268548076427237
10.0 227 308 0.5342369118640441 0.6301956772684921 -23.758902944376448 0.01986482204815232
10.0 228 309 0.5345047352221043 0.6303672570303692 -24.120637086044788 -0.2531494456089227
10.0 x 310 0.5328236422406528 0.6284981241623651 -24.120637086044788 -1.0079270680619246
10.0 229 311 0.5402921253644155 0.6368069182161745 -24.170249438535393 -0.15023226126015743
10.0 x 312 0.5459720512944759 0.642821453632367 -24.170249438535393 -1.149088035094291
10.0 230 313 0.5401361361753537 0.6369038973069275 -24.151640628881346 0.01695843781104145
10.0 231 314 0.5428179925425329 0.6397137485858277 -24.13084801589081 -0.24608395393179094
10.0 232 315 0.5467017605580893 0.6437017847795777 -24.50598370537326 -0.47930189372604204
10.0 233 316 0.5450051036862357 0.6419414504664853 -24.28939592919018 0.2780778964360273
10.0 x 317 0.5489767614435763 0.6463449274108634 -24.28939592919018 -1.8491691160067703
10.0 x 318 0.5507314900006139 0.648391970439793 -24.28939592919018 -0.342931770509157
10.0 234 319 0.5401433821899267 0.6367651149007173 -23.939954932166923 0.5200087730026794
10.0 235 320 0.5407988486548337 0.6375558599126702 -24.383610714213585 -0.24777728615808314
10.0 236 321 0.5517061931193592 0.6500773705590908 -24.937065799169524 30.625009132377038
10.0 x 322 0.5544758027096977 0.6532439371986053 -24.937065799169524 -0.883001259729582
10.0 237 323 0.555312801890849 0.6541010349772258 -25.067137305684284 -0.16604398800296138
10.0 238 324 0.5534098760492528 0.6519819980523338 -25.08786558009325 0.01991347426329071
10.0 239 325 0.5543658485052595 0.6527169654535229 -24.704561348359938 0.13997657264465602
10.0 240 326 0.5567682975565708 0.6550966648629174 -25.04685905124598 -0.1864042483374746
10.0 241 327 0.5562003967691259 0.6546456249698952 -24.89610242351314 0.10102112322960366
10.0 242 328 0.5538658517349274 0.6522545962243521 -24.683124146642616 0.13608957507558017
10.0 243 329 0.5543385021580929 0.6526095359576543 -24.703018702520122 -0.051628534265596215
10.0 244 330 0.5507703528380984 0.6490103622969764 -24.903581763493822 -0.41821286980167116
10.0 245 331 0.5562144229491597 0.6548420028997125 -25.1014497574453 -0.1843016523975045
10.0 246 332 0.5514329350626057 0.6495082751734254 -24.65472031891084 0.5530074320404523
10.0 x 333 0.5469538756532368 0.6447324182646103 -24.65472031891084 -2.683002115041738
10.0 247 334 0.5490952772028694 0.6471082161578279 -24.553302506970788 0.36658978846542567
10.0 248 335 0.5456967655852051 0.6434348961046416 -24.94966835179658 -0.2114012388482429
10.0 249 336 0.5402195058372372 0.6374932502043499 -24.88969625348306 0.12005235073846521
10.0 250 337 0.5331779787039588 0.6297646966439819 -24.394292112709486 0.5093036800678448
10.0 251 338 0.540354884094735 0.6376076852665798 -24.44668848991312 -0.15092371245633984
10.0 252 339 0.5454446924012697 0.642920558210638 -24.526897118658628 -0.1511564674668513
10.0 253 340 0.5462263278285739 0.6439192011688801 -24.88754079393516 -0.280085499488937
10.0 254 341 0.5432238410263938 0.640294180282595 -26.01601416530566 -0.9235523418100122
10.0 x 342 0.5499879820243013 0.647459600500992 -26.01601416530566 -2.5858937977870227
10.0 x 343 0.5427362087230735 0.6400095120238709 -26.01601416530566 -3.1613627930699444
10.0 255 344 0.5402986016274754 0.637304463208643 -24.99744027003176 0.9181968392237643
10.0 256 345 0.5332858379431538 0.6294468917020132 -23.872920684306827 0.999206863557994
10.0 257 346 0.5333882623017921 0.6294948189144288 -23.563424190854434 0.1391627502550179
10.0 258 347 0.535397529658838 0.6315678300499152 -23.845989117256313 -0.16340915187397442
10.0 259 348 0.5335268696781617 0.6295190915877971 -23.606543348095443 0.021261024569096065
10.0 260 349 0.5361058549986187 0.6324580809335111 -23.72234757497182 -0.010248084930204016
10.0 261 350 0.5272924987233478 0.6228936702943353 -23.684845495740305 -0.2437352875879597
10.0 262 351 0.5251087282031459 0.6202244145799414 -25.01319631860877 -1.6083211199629162
10.0 263 352 0.5261055288784445 0.6212190077935161 -25.08516219678999 -0.08395409353288485
10.0 264 353 0.5294291270940907 0.6250025845466484 -25.28900044425066 -0.22561374464526196
10.0 265 354 0.5251944853623429 0.6204486814839908 -25.206198860261345 0.06901304947578524
10.0 266 355 0.5210344038702066 0.615976841694159 -23.50261186272897 2.0073510503238836
10.0 267 356 0.5211523314231518 0.616125676821383 -22.86914073211802 0.9147041011070556
10.0 268 357 0.5247314445757953 0.6200367174313436 -23.502450833487053 -0.39172247137875615
10.0 x 358 0.5339196855646188 0.6303489082717436 -23.502450833487053 -2.4788600098350955
10.0 x 359 0.5248215420349758 0.6202659871091971 -23.502450833487053 -1.0381189392399648
10.0 269 360 0.5158237016505809 0.6104639082128165 -22.643627531694257 0.7698126848351166
10.0 270 361 0.5481174640234346 0.6461863414806782 -25.810833138998355 29.939744100462654
10.0 271 362 0.5522313559602124 0.650763398258623 -24.593971801549852 0.8104894382374788
10.0 272 363 0.5506593189804625 0.6492870949327665 -24.563373618862478 -0.08336377373981563
10.0 x 364 0.5526963391518337 0.6516932642200938 -24.563373618862478 -1.7552444058226229
10.0 273 365 0.5450619075778284 0.6432618612704376 -24.78210846817072 -0.4024250594125718
10.0 x 366 0.5543642223315743 0.6534361341709816 -24.78210846817072 -3.346444301612223
10.0 274 367 0.5444219000226852 0.6426631277226945 -24.755219447807765 0.011751510578928759
10.0 x 368 0.5480638599977422 0.6466667702704791 -24.755219447807765 -0.7480060965342155
10.0 275 369 0.5416775329554123 0.6395818088790952 -25.320108182063297 -0.6992023981325772
10.0 x 370 0.5362216934601728 0.6337279445887775 -25.320108182063297 -2.051670391593806
10.0 x 371 0.5440425726799729 0.6420647574485204 -25.320108182063297 -2.481810255643502
10.0 276 372 0.5437988871422742 0.6416307881272284 -24.32403833576545 1.2775345541656016
10.0 277 373 0.5398183065638046 0.6372206072489244 -24.102925984672645 0.23775357533470043
10.0 278 374 0.547258252097957 0.6453409275926659 -24.38413090047984 -0.24731655120508833
10.0 279 375 0.543432704929931 0.6411677345699701 -25.06588632964833 -0.9579040690180918
10.0 280 376 0.5387421796795542 0.635778887367553 -24.03404686217241 1.276058190907321
10.0 x 377 0.5488794483811452 0.6468449499222562 -24.03404686217241 -2.702336367259594
10.0 281 378 0.5323740812754475 0.6289220964742539 -23.579932991897124 0.5409828352089008
10.0 x 379 0.5334972615681787 0.6301446246188864 -23.579932991897124 -0.21948534833740752
10.0 282 380 0.5290749767024598 0.6251287053709653 -23.674242599124046 0.2403750738751107
10.0 283 381 0.5296460807241651 0.6259300748224322 -23.706921579630592 -0.03772582454293172
10.0 284 382 0.5266273656360126 0.6224565855693789 -23.548910225224848 0.17418352913055202
10.0 285 383 0.52483781363743 0.6204257165177696 -23.17584792429873 0.2772423889436517
10.0 286 384 0.5221038478938934 0.6175939231215656 -22.970443139953673 0.17051563857820184
10.0 x 385 0.5277548542975885 0.6237867916386108 -22.970443139953673 -0.9585559245493052
10.0 x 386 0.5288660481336758 0.6249221376130817 -22.970443139953673 -0.6779701687961079
10.0 287 387 0.5198910273946342 0.6153095671204316 -22.795854740087776 0.06831622677518112
10.0 288 388 0.5143587813182923 0.6091347467995002 -22.57669184036134 0.1466926554593826
10.0 289 389 0.5180874344807683 0.6135662251747616 -22.693146303310535 0.01638944454273883
10.0 290 390 0.5209867061017005 0.616875848807824 -22.86782918898934 -0.2653332744774275
10.0 291 391 0.5174126688668049 0.6129439415311836 -22.655174865449396 0.24141003254126048
10.0 292 392 0.5210412419313072 0.6171434879858128 -22.91954609918071 -0.34288211750240194
10.0 293 393 0.5152810045602365 0.6106643179758784 -22.53562435969376 0.460626221846816
10.0 294 394 0.511233493480866 0.6061452812648921 -22.706229460539884 -0.3573747486705585
10.0 x 395 0.515517140061814 0.6109105017263338 -22.706229460539884 -0.5075428709199912
10.0 295 396 0.5190305184910322 0.6149878991141294 -22.746079138150698 0.20150868534874533
10.0 x 397 0.5220738320543268 0.6187475534724952 -22.746079138150698 -0.1830463030175551
10.0 296 398 0.5170004697827112 0.612751327657497 -22.685864312812384 -0.04881104452669405
