4.0 x 0 0.5377838964067219 0.6349254079475675 -125.0728842391795 -46.30782346746182
4.0 x 1 0.5521417532299063 0.6505864202488267 -100.0583073913436 -30.169571244833186
4.0 x 2 0.545576865539843 0.643470025726956 -100.0583073913436 -17.023531926439148
4.0 1 3 0.547545778165746 0.6456349077980114 -93.98773744844658 5.7494169035517615
4.0 x 4 0.5459119220921729 0.6436055819038555 -93.98773744844658 -60.61402204656046
4.0 2 5 0.5431584815505646 0.6405663102498814 -91.34655634122797 2.633084195430854
4.0 3 6 0.540214211182518 0.637498855258309 -81.94446215187969 9.274768311437072
4.0 4 7 0.5303733643747843 0.6263851416489733 -74.03562566009478 7.817643116070705
4.0 5 8 0.5305900787917561 0.6265450066829712 -67.52696921558663 6.343485996422913
4.0 6 9 0.5246900808165486 0.6202100368178314 -58.92637791286167 8.240527417183976
4.0 7 10 0.524315788267148 0.6197869257154565 -59.660794098011856 -0.6644672001358529
4.0 x 11 0.5308065401154094 0.6270493309388855 -59.660794098011856 -11.315296962259858
4.0 8 12 0.5157875577475765 0.6100959257125668 -59.843559223089656 -0.06473305541258156
4.0 x 13 0.5200352403574178 0.6147471830600015 -59.843559223089656 -2.682613388827953
4.0 9 14 0.522183648507191 0.6168111857475627 -59.91370329322854 -0.1499791172272822
4.0 x 15 0.5318399989929901 0.6276034829812281 -59.91370329322854 -9.457194929230035
4.0 x 16 0.5197384070245843 0.6142229899427809 -59.91370329322854 -1.5758286008091744
4.0 x 17 0.5112654848463003 0.6047470985597323 -59.91370329322854 -1.6391740602539642
4.0 x 18 0.5214900023025216 0.6159882012414317 -59.91370329322854 -2.86782089522211
4.0 10 19 0.5192481809014712 0.6133523382663556 -58.637801628856096 0.6093472397255653
4.0 11 20 0.5101854531256451 0.6032625720263126 -59.25645967680728 -0.7398498436871463
4.0 x 21 0.5061108346765252 0.598594394731218 -59.25645967680728 -3.6069497690462384
4.0 12 22 0.5109698812242067 0.603947715268726 -59.27715855591365 -0.020480504003664635
4.0 13 23 0.5134625254602792 0.6065342877967692 -57.27914079420936 2.198231125088597
4.0 14 24 0.5133962863512409 0.6063404457550357 -58.49401416313063 -0.5969329607158969
4.0 x 25 0.5122807091685954 0.6054586980479422 -58.49401416313063 -3.146367723440605
4.0 15 26 0.5128486429023174 0.6058625222065328 -56.33597854181033 1.965649236300493
4.0 16 27 0.5079542758917712 0.6006154254513232 -56.26817902898948 0.17718951513541015
4.0 x 28 0.515540637646725 0.6089452853421392 -56.26817902898948 -2.2292414633817117
4.0 x 29 0.5052870076539229 0.5977417432536669 -56.26817902898948 -6.766938836380241
4.0 x 30 0.5144724277683738 0.6078080157550987 -56.26817902898948 -0.36082527581232426
4.0 x 31 0.5017720921240425 0.593528318520591 -56.26817902898948 -7.920168862325653
4.0 x 32 0.5118729538854844 0.6048977862977621 -56.26817902898948 -2.9289895780775055
4.0 x 33 0.5144894068540685 0.6080032714209664 -56.26817902898948 -5.552219742871813
4.0 17 34 0.5129390819967243 0.606199027213535 -58.260453685815456 -1.905133007919133
4.0 18 35 0.5175571129645846 0.6111973549294384 -56.654628677854255 1.2341017679893298
4.0 x 36 0.5231751533594865 0.6172067720222324 -56.654628677854255 -2.926325579147125
4.0 x 37 0.5175814147605511 0.610908413530573 -56.654628677854255 -0.9887116752651011
4.0 19 38 0.5178631353962403 0.61159231256656 -56.70452980048465 -0.054897602811443846
4.0 20 39 0.5183422121543646 0.6120782364908682 -57.284846657340836 -0.7317637117198572
4.0 21 40 0.5177451512616165 0.6114072010240988 -58.834114345048796 -1.7409562182546523
4.0 22 41 0.5529029574157359 0.6515198526575253 -61.67871359951684 63.68856795720989
4.0 23 42 0.5494109268415011 0.6473726865964893 -61.96353720257379 -0.5765396977823727
4.0 x 43 0.5495120600524517 0.6473163231221436 -61.96353720257379 -3.140068763291481
4.0 24 44 0.5554042337957739 0.6539408623567996 -64.03950405237248 -1.5612593615666341
4.0 25 45 0.5585238691734142 0.6572303144408186 -62.645979209351 1.1967116379753335
4.0 x 46 0.5644524158523976 0.6637365952666056 -62.645979209351 -3.276520712226052
4.0 26 47 0.558245308822338 0.6569859170808112 -62.56277178394532 -0.17622939758683742
4.0 27 48 0.5545051114984338 0.6526477892294544 -61.92157185382088 0.8719199345487922
4.0 x 49 0.5549059506562788 0.6532419607532063 -61.92157185382088 -2.3505598453346366
4.0 28 50 0.5546750866561317 0.6524282125171175 -62.38398265029103 -0.38706467964995284
4.0 x 51 0.5612671838436191 0.6598108471129797 -62.38398265029103 -2.820673430678468
4.0 29 52 0.5582178014936579 0.6563843182282678 -62.63424891658748 -0.5840512042770385
4.0 30 53 0.5532353387095047 0.6508179985246483 -61.64623307884467 1.0952476103308868
4.0 x 54 0.5569268835010764 0.654881562301671 -61.64623307884467 -0.5106696112685896
4.0 x 55 0.5527950531786983 0.650008743062225 -61.64623307884467 -0.20988117274895046
4.0 31 56 0.5504303048586622 0.6480100080894438 -61.54013429891437 0.03262353079410474
4.0 x 57 0.5441469732574592 0.6413835969622019 -61.54013429891437 -3.747601162138743
4.0 32 58 0.5478185924736417 0.6450642360686807 -61.11303908178972 0.4556063481738306
4.0 33 59 0.5424794698717531 0.6392193649334875 -63.197098447632314 -2.389690928888804
4.0 34 60 0.5416699683877583 0.6383936551595445 -60.48477528318085 2.9845847049429537
4.0 35 61 0.5394498399863896 0.6356545730245734 -61.122548137819656 -0.7565574526630456
4.0 x 62 0.5449119396889396 0.641977174910022 -61.122548137819656 -5.130313105154734
4.0 36 63 0.5410851351689961 0.6377204588194694 -60.028691469394374 1.3101986727200412
4.0 x 64 0.542432923166012 0.639233190894208 -60.028691469394374 -0.9087187303442263
4.0 37 65 0.5404305821631108 0.6369106683076493 -60.01932979410154 0.1586006141154641
4.0 38 66 0.531512267498268 0.6269601105798659 -58.78397229398554 1.0914002913750522
4.0 x 67 0.5391488803523231 0.6355632996792251 -58.78397229398554 -7.0495576085534
4.0 39 68 0.5285655410413667 0.6237994931921815 -58.23454286096363 0.6864352251005883
4.0 40 69 0.5248725345340866 0.6198518088510063 -58.225354538350814 -0.1831667487903772
4.0 41 70 0.5227731137834593 0.617666675172723 -58.14936470686084 0.051480865599707215
4.0 x 71 0.5061801148680253 0.599443669575557 -58.14936470686084 -1.6982468236108375
4.0 x 72 0.5291329345670434 0.6247284376162996 -58.14936470686084 -2.0810570081849917
4.0 42 73 0.515134460848495 0.6091652352833857 -56.64114334050558 1.877646447542432
4.0 43 74 0.5163523339104908 0.6104649153999157 -57.713083705498406 -0.9652850982164054
4.0 44 75 0.5117749122427211 0.6053528152702563 -56.28488024464599 1.3557046950604672
4.0 x 76 0.510250033612266 0.6038964063229063 -56.28488024464599 -1.2252326124492114
4.0 x 77 0.5101034724607926 0.6032865685078039 -56.28488024464599 -0.7579052966892661
4.0 45 78 0.5117790868063259 0.6052110901272831 -55.87861905569663 0.3159756238949427
4.0 x 79 0.5160404051597081 0.6097572146487249 -55.87861905569663 -2.1380968636379407
4.0 46 80 0.5114160497775999 0.6046783491329072 -56.44707998356519 -0.8293335223610754
4.0 47 81 0.5515930840245518 0.6498412993953298 -61.41562352390039 105.3959845593156
4.0 48 82 0.5512990701023424 0.6494060447054968 -61.55454828815442 0.018490398326939328
4.0 x 83 0.5524515247110633 0.6504488788365865 -61.55454828815442 -1.1189925065290964
4.0 49 84 0.5495348421001914 0.6475542111699134 -61.29291233444526 0.25496865656479173
4.0 50 85 0.5435980058977283 0.6409403218210918 -61.47396112098859 -0.01579679341734419
4.0 51 86 0.5391164306193204 0.6358170909265425 -60.68203996194283 0.7924180653346511
4.0 52 87 0.53693109255392 0.633448707732966 -60.435047128897494 0.25014488817413394
4.0 x 88 0.5377835422039003 0.6344502940869376 -60.435047128897494 -1.816762527126997
4.0 53 89 0.5329362439981414 0.6289166074123703 -59.12280146167691 1.217136435595421
4.0 54 90 0.5234588605928585 0.6182762109135215 -57.49298570915581 1.518008361192905
4.0 55 91 0.5240497828532289 0.6185464530607276 -57.65591339181134 -0.0717224566662864
4.0 56 92 0.5313684736465267 0.6264589597701324 -59.0751989883233 -1.3562122880975238
4.0 x 93 0.5285511598880364 0.6231847950318338 -59.0751989883233 -2.4503535210678606
4.0 x 94 0.5346344531695316 0.6301668438330642 -59.0751989883233 -11.701551786045023
4.0 57 95 0.522679248997914 0.616439815366734 -57.391990553495184 1.535624113129451
4.0 58 96 0.5252763199944901 0.6194844718107477 -58.03105629246837 -0.7429079929557787
4.0 59 97 0.5198977918003753 0.6134984748623102 -57.452554555114354 0.8836629815223489
4.0 60 98 0.5051615386332001 0.5973095326944869 -55.26260421038526 2.2406283997602117
4.0 x 99 0.513468663551197 0.6066650052043644 -55.26260421038526 -5.037821478477937
4.0 x 100 0.5144477147104101 0.6077144289023232 -55.26260421038526 -2.1850111356937845
4.0 61 101 0.5051292095929627 0.5972244028049843 -54.84866174829207 0.2986726378185125
4.0 x 102 0.5035837572534653 0.595558768927593 -54.84866174829207 -1.302107286267976
4.0 62 103 0.5041085606227965 0.5962867947342763 -54.68652990021886 0.11603087082561103
4.0 x 104 0.503121576375979 0.5952757262745486 -54.68652990021886 -2.817211119352457
4.0 63 105 0.4994205785082783 0.5910634008161879 -54.06432202626948 0.7199267016369078
4.0 64 106 0.48944370254923353 0.5797808003359198 -52.672344979642546 1.4696574262527946
4.0 x 107 0.48588553976985294 0.5757002292046293 -52.672344979642546 -1.2577111205947915
4.0 x 108 0.47843945949951444 0.5672742567231205 -52.672344979642546 -0.7166529681921077
4.0 65 109 0.4885208291123994 0.5788308476367645 -52.49426707832366 0.1839709056856833
4.0 x 110 0.4932406752422262 0.5843091103520426 -52.49426707832366 -0.655723415059974
4.0 66 111 0.488989256028994 0.5794954755273235 -52.41782229753163 -0.0020487377395568274
4.0 x 112 0.4932193809217211 0.5842050604819687 -52.41782229753163 -2.0287094471755083
4.0 67 113 0.48551276074248206 0.5755863821198312 -51.92084280644862 0.5365347955268618
4.0 x 114 0.48677149902882166 0.5766686408684619 -51.92084280644862 -1.692105561960787
4.0 x 115 0.49484119692242073 0.5862069771330293 -51.92084280644862 -2.4134682572921307
4.0 x 116 0.4963546573399079 0.5878957292799449 -51.92084280644862 -1.9788427317305661
4.0 68 117 0.4786044518812351 0.5678628958317886 -50.97132958076624 0.846778012363707
4.0 x 118 0.48334163144872927 0.5731481097775806 -50.97132958076624 -0.9631173352388274
4.0 x 119 0.48237883701288486 0.5719971248409054 -50.97132958076624 -1.0743504858526265
4.0 69 120 0.478831568446585 0.5681064481111916 -51.78151899245207 -0.49716623248660596
4.0 70 121 0.5486959897228061 0.64679569194052 -71.95002144874505 94.98158240544835
4.0 71 122 0.5547437585358752 0.6532816188841672 -72.51519310575732 -0.6007508061223916
4.0 x 123 0.5519698778709502 0.6500229099154123 -72.51519310575732 -2.3455513062330624
4.0 72 124 0.556878675293908 0.6554697293597319 -74.0902532543615 -1.5479610368271324
4.0 x 125 0.5531911574630993 0.6512595591211434 -74.0902532543615 -25.087295988862188
4.0 73 126 0.5598935432975107 0.6588745339276435 -65.49306256196772 8.251098622145868
4.0 x 127 0.5681712789458578 0.6679531159001798 -65.49306256196772 -4.282670245160936
4.0 74 128 0.5569014664074032 0.655815022182728 -64.4106787217853 1.0613770088256516
4.0 75 129 0.5547083427907848 0.6532186837793342 -64.5991827860625 -0.15222378567537476
4.0 76 130 0.5543275655776665 0.6526820975755434 -64.31171886584514 0.2772324130324506
4.0 x 131 0.5446633654231757 0.6420562590370191 -64.31171886584514 -15.024030276706696
4.0 x 132 0.551123082603763 0.6494996534788771 -64.31171886584514 -4.059244616410126
4.0 77 133 0.5591833184078482 0.6582408810357752 -64.18005163899984 0.057286629362280905
4.0 x 134 0.5670481463610932 0.666678746821319 -64.18005163899984 -3.5210233279541185
4.0 78 135 0.5627688749438421 0.6619223795512881 -62.91720050685841 0.91178235652513
4.0 x 136 0.5653381409656211 0.6646940701861477 -62.91720050685841 -0.6835883726924123
4.0 x 137 0.5657232104699095 0.665028153937234 -62.91720050685841 -0.4302959330157421
4.0 x 138 0.5711144232329814 0.6709769355033363 -62.91720050685841 -1.0745646105716844
4.0 79 139 0.5598735053510527 0.6585723693398716 -62.513870258908796 0.425206459609484
4.0 80 140 0.5537023770451804 0.6518624376624966 -61.6812538727537 0.8985909445539519
4.0 x 141 0.5601987778157737 0.6590834994449158 -61.6812538727537 -1.0312778936676352
4.0 81 142 0.5498580500893304 0.64739809003879 -61.30101354923328 0.4627806690134264
4.0 x 143 0.5553077563469498 0.6535752455097283 -61.30101354923328 -1.228324149495613
4.0 x 144 0.5562708431159009 0.6543348388446358 -61.30101354923328 -1.0790405128688931
4.0 82 145 0.5458378167293793 0.6431537105469645 -61.311097880990935 0.10482761745995361
4.0 83 146 0.5442272842049406 0.6415842890882256 -60.42688390328374 0.7396883981616895
4.0 84 147 0.5438883100110559 0.641318532944901 -60.54852388202831 -0.061444666419127714
4.0 x 148 0.5496130461975838 0.64762104293964 -60.54852388202831 -0.6842724770937991
4.0 x 149 0.5451944991853938 0.6426554468650958 -60.54852388202831 -1.1344590709023734
4.0 x 150 0.5429907776765596 0.6405141211511232 -60.54852388202831 -1.8640828443611568
4.0 85 151 0.5348179054108859 0.6313457489119343 -59.573890591508466 1.0642198779924925
4.0 86 152 0.5321635640404183 0.6281196992380825 -58.7566193617193 0.6269322978041387
4.0 87 153 0.5284696718030902 0.6239602939389902 -58.24548670467712 0.51531137158549
4.0 88 154 0.5299052430640171 0.6258143330233953 -58.57478569234789 -0.19435442711803574
4.0 x 155 0.5398560269447599 0.6367952543305034 -58.57478569234789 -3.690861765723575
4.0 89 156 0.5297132463024985 0.6257041860881083 -59.452379477305115 -0.734830270660936
4.0 90 157 0.5274930586457601 0.6233982577467428 -58.070189095429214 1.1376329659019149
4.0 91 158 0.5265802197667419 0.6226018795391788 -58.48087203750016 -0.5604030915264815
4.0 92 159 0.5212221772663456 0.6165806603786325 -57.170075246430216 1.529610252303634
4.0 x 160 0.5202959327267993 0.6156512163445148 -57.170075246430216 -3.5506701006850463
4.0 93 161 0.5508287399098986 0.6492553895915657 -63.501711877182075 103.4618291666556
4.0 94 162 0.5509752158763749 0.6494441260354219 -62.38469080047207 1.0233577998747165
4.0 95 163 0.5536910101405226 0.6523435762610255 -61.67457131278372 0.493169430119778
4.0 x 164 0.5553365606313625 0.653834304546534 -61.67457131278372 -0.38655386295233995
4.0 x 165 0.5529692987107432 0.6515958390435399 -61.67457131278372 -0.651998701885681
4.0 96 166 0.5532395597827251 0.6517105502527151 -62.195321830315166 -0.3575677154233716
4.0 97 167 0.5536895501809024 0.6525157596013801 -61.908181955245425 0.0015986530767406748
4.0 98 168 0.551426538326678 0.6498788460392259 -62.88816296239397 -1.1542995757064602
4.0 x 169 0.5458386877621021 0.643954750998345 -62.88816296239397 -0.3293051804142024
4.0 99 170 0.5504343841421123 0.6486022374798245 -61.45865100489287 1.6261072403609802
4.0 100 171 0.5600340937118726 0.658880742997534 -62.5646704872042 -1.0735381407461233
4.0 101 172 0.5585228319862781 0.6571967770710364 -62.36869277487062 0.3039529980567366
4.0 102 173 0.5559238539324641 0.654270228604636 -62.03368193735673 0.23626806226446462
4.0 103 174 0.5546844191016382 0.6529125626711797 -61.86366588700599 0.1847664949737151
4.0 104 175 0.549989713717228 0.64805151919441 -62.680481276717614 -1.042102893173002
4.0 105 176 0.5466891858371079 0.6445295725566755 -62.77893365968563 -0.13927004540829557
4.0 x 177 0.5388677095355924 0.6358418724803905 -62.77893365968563 -4.07504461041848
4.0 x 178 0.5416882430752552 0.6388977865981376 -62.77893365968563 -6.40355924604588
4.0 106 179 0.5384898282318263 0.6358799948092485 -62.36443471920645 0.39076227426058807
4.0 107 180 0.5337600131113571 0.6307043170836683 -61.18716023179319 1.2326468152055057
4.0 108 181 0.5381309199723177 0.6354983980478475 -62.89166134413423 -1.8085678840401656
4.0 x 182 0.5376579364551688 0.634986775970135 -62.89166134413423 -10.00826254141009
4.0 109 183 0.5341671418081981 0.631198765564694 -61.21136181443087 1.7795885618942506
4.0 110 184 0.5335150373841128 0.6306525799875905 -60.56021666442272 0.7095336510199104
4.0 111 185 0.5296304285466692 0.6263305620064036 -61.2710817820825 -0.8127205071253698
4.0 x 186 0.5249740740451944 0.6211938160980459 -61.2710817820825 -3.324990111760215
4.0 x 187 0.5324969328135172 0.6294661398751034 -61.2710817820825 -1.0522940396776974
4.0 112 188 0.5334319630289884 0.6306335649325447 -61.26543678777222 0.021252096062688963
4.0 x 189 0.544964732766376 0.6432096810900843 -61.26543678777222 -2.1179900135916867
4.0 x 190 0.5279614717162875 0.624314137586467 -61.26543678777222 -1.3538434783916173
4.0 x 191 0.537801384464594 0.6355173834897995 -61.26543678777222 -1.162240052981936
4.0 x 192 0.5338508790110811 0.6311711483222002 -61.26543678777222 -2.8525448020835213
4.0 x 193 0.527463444321842 0.6239297939432398 -61.26543678777222 -1.654496062193786
4.0 x 194 0.5360954595607454 0.6336886594560337 -61.26543678777222 -1.0392451886534175
4.0 113 195 0.5263811599426821 0.6228309744128441 -61.913955033896876 -0.7417741833986682
4.0 114 196 0.522374018621465 0.6185366098046718 -57.720195484717316 4.563867539002622
4.0 x 197 0.5142301727058315 0.609329442597427 -57.720195484717316 -1.7746639795048011
4.0 x 198 0.5190047006067172 0.6147526934236176 -57.720195484717316 -1.4605779806652635
4.0 x 199 0.5337171963125825 0.6311693721305436 -57.720195484717316 -2.288197895827338
4.0 x 200 0.5271342985540801 0.6241200769713168 -57.720195484717316 -1.2358392766488535
4.0 115 201 0.5508025507366877 0.6493705679604515 -62.69604010336839 103.79763581996829
4.0 x 202 0.5473841666577193 0.6457553261482976 -62.69604010336839 -0.11017443662183979
4.0 116 203 0.5498905235406862 0.6482139082607784 -61.74625728849188 1.0573100332999203
4.0 x 204 0.550238324105176 0.648645886084029 -61.74625728849188 -3.594349988564332
4.0 x 205 0.5503365747528324 0.6486952061305593 -61.74625728849188 -0.3054207955990975
4.0 117 206 0.5412415264109977 0.6389199629581246 -59.98625313780512 1.956031304832642
4.0 x 207 0.5461806549027599 0.6443360877087771 -59.98625313780512 -0.7199438779605529
4.0 118 208 0.5421442519783696 0.6398053868533659 -60.102499366009184 -0.10183660432137032
4.0 119 209 0.5419467574366165 0.639674135769101 -60.27395769968064 -0.05332284619072425
4.0 120 210 0.5387217209511989 0.6362273625270978 -60.91393318269172 -0.47859935887320404
4.0 121 211 0.531993751792976 0.6287174748160601 -59.79351953721037 1.1283387991354914
4.0 122 212 0.5293265661069844 0.625644446040784 -60.451017883155146 -0.5601078635987875
4.0 123 213 0.5178136079286068 0.6129110471489227 -59.69686550442874 0.8564893764803401
4.0 124 214 0.5194784032871514 0.6147021409345856 -62.61730219784663 -2.803850093305037
4.0 125 215 0.5157656731536897 0.6105310984731227 -57.48005148527859 4.884069403926254
4.0 126 216 0.5154122045620183 0.6103601732972249 -56.76205245356785 0.6349169630286227
4.0 x 217 0.5211220588282269 0.6168355618451711 -56.76205245356785 -0.9178375044690981
4.0 127 218 0.5205184478018688 0.6161609507965209 -57.36180503300456 -0.6392140226378089
4.0 128 219 0.5208572091551364 0.6164925629686858 -57.558498477722 -0.16100904980579855
4.0 x 220 0.5221734670065741 0.6181103577961788 -57.558498477722 -1.1355273234362429
4.0 129 221 0.515412363658471 0.6104153557803684 -56.458826996697894 1.0523826922434836
4.0 130 222 0.5125873685764225 0.6070431375262493 -58.07846360105254 -1.3657827336102812
4.0 131 223 0.513536728853687 0.6083979459381005 -56.27059737437931 1.368186992153369
4.0 x 224 0.5137702789506615 0.6087096307300105 -56.27059737437931 -1.9270029764730126
4.0 x 225 0.5189175888430397 0.6143337149631064 -56.27059737437931 -2.5837295133167117
4.0 132 226 0.5092546673473983 0.6033940435435047 -55.4415013287312 0.938506577545617
4.0 133 227 0.5073275389100179 0.6012749469216621 -55.34674285041536 0.1997644461546173
4.0 134 228 0.5070659629041369 0.6010360092557064 -55.11810379085096 0.12189037518501777
4.0 135 229 0.5107437406724443 0.605060100976376 -55.770294508632716 -0.5685135880441905
4.0 136 230 0.5066052052722141 0.600404435503932 -56.16783524312862 -0.224558050055073
4.0 137 231 0.4962255711440448 0.5887631972942244 -53.52103535962068 2.4157760618047277
4.0 138 232 0.4898985346785532 0.5817366968204181 -52.63142571540695 0.9989749135752959
4.0 x 233 0.49429656967543223 0.5867527659286377 -52.63142571540695 -2.810322732580339
4.0 139 234 0.4913152515417347 0.5832738117324263 -52.82247055046014 -0.20595973288608604
4.0 140 235 0.48956571534589116 0.5812873111409194 -53.01930578992939 -0.0770412286798674
4.0 141 236 0.4915985216966783 0.5836151365704778 -54.578234004376384 -1.4383394808353671
4.0 142 237 0.4865301772855677 0.577931470480608 -52.553292503477806 1.9069971609208736
4.0 143 238 0.48765761293315124 0.5792468070805559 -52.26636093258811 0.18228847543888804
4.0 144 239 0.47748625300682507 0.5673691630899853 -50.954622748979105 1.4215622346223
4.0 145 240 0.48001994133594916 0.570381794328322 -51.0435463098825 -0.24991927820303061
4.0 146 241 0.5485794102187806 0.6467738634279662 -61.01486873231367 105.53775748980934
4.0 x 242 0.5470547075401632 0.6452110167946619 -61.01486873231367 -1.120170649582903
4.0 147 243 0.5526695292168349 0.6517340309901541 -61.81615937691402 -0.7452838803971318
4.0 x 244 0.5569185789980043 0.6562340067295124 -61.81615937691402 -4.139975830991098
4.0 148 245 0.5537712820305076 0.652797811294364 -61.73357598749885 -0.08986808855054562
4.0 x 246 0.5557020602444765 0.6548419792781315 -61.73357598749885 -1.5110011667961203
4.0 x 247 0.556094773032627 0.6556732343405577 -61.73357598749885 -1.40977890085113
4.0 149 248 0.5507964639937124 0.649491377820659 -61.319616129434344 0.5196349752208178
4.0 150 249 0.541664460280665 0.6395321316714643 -60.99593252153527 0.5316822458523518
4.0 151 250 0.5380627488356613 0.63580799627114 -59.59059297049925 1.2593038730638
4.0 x 251 0.5416734951546439 0.6398064549585545 -59.59059297049925 -2.895950113567814
4.0 152 252 0.531824603596011 0.6288161301796239 -60.071545100058515 -0.2320770410447892
4.0 153 253 0.5272885156103579 0.6233205290890147 -58.15035514205399 1.7590688944757673
4.0 154 254 0.5151985910585847 0.6098686395069871 -56.791358804684236 1.478201948153533
4.0 155 255 0.51812509877362 0.6133830986965612 -57.46187512977055 -0.644603122298399
4.0 156 256 0.5076600075412586 0.6016234583221826 -58.604164995895474 -0.8897096895274714
4.0 x 257 0.5116084121817059 0.6058966942701999 -58.604164995895474 -13.203521975935878
4.0 x 258 0.5116444558588781 0.6064015772433639 -58.604164995895474 -0.9475716661339604
4.0 157 259 0.5006972196115387 0.5937880001949407 -55.0649356535602 3.3813483493203194
4.0 158 260 0.491524685615529 0.5833213334704922 -52.804943707396305 2.1024745812739383
4.0 159 261 0.4880898792211605 0.5793919873065418 -52.95395594368506 -0.3500478255874171
4.0 160 262 0.4800979175161665 0.5701417950951139 -51.96582683310774 0.9917381617930943
4.0 161 263 0.48727008893970786 0.5781048137773834 -52.182356582172744 0.016230042361577546
4.0 162 264 0.49738355396374573 0.5894320020187587 -54.808810535324255 -2.9735465515216006
4.0 163 265 0.48629206464753216 0.576895724707639 -52.01316880825846 3.1247138232504383
4.0 x 266 0.4820424250842827 0.5718704053288816 -52.01316880825846 -3.7773744991988565
4.0 x 267 0.49351927426250075 0.5853558573505133 -52.01316880825846 -2.538584186547787
4.0 x 268 0.48959255966936527 0.5804804664020599 -52.01316880825846 -0.5973022893745963
4.0 164 269 0.4913305202342923 0.5826130948989284 -54.92114099903792 -2.634946888859126
4.0 165 270 0.48526485241831396 0.5757683828082657 -51.93424364533591 2.7476445342308295
4.0 x 271 0.4934326794604505 0.5848590372818062 -51.93424364533591 -1.6962228616556274
4.0 x 272 0.48683189616096895 0.5774646196884361 -51.93424364533591 -0.31432831257591687
4.0 166 273 0.4782129848772602 0.5679610262964093 -51.876435225667734 0.2571762664058781
4.0 x 274 0.4853389144433134 0.5761440438615406 -51.876435225667734 -0.2392795792465776
4.0 167 275 0.47500524977310504 0.5642916259516246 -50.883740777988336 0.5873426003338835
4.0 168 276 0.4688627915968496 0.5573090146299566 -51.03652841844038 -0.2556617592713266
4.0 x 277 0.4651323432662562 0.5530154959961129 -51.03652841844038 -1.3899884543968497
4.0 x 278 0.4680877796319093 0.5562854918489527 -51.03652841844038 -4.5577772579077305
4.0 169 279 0.47546988364793963 0.5648497373296176 -51.764029721156305 -0.7340333937646761
4.0 170 280 0.48082198833405887 0.571071494825677 -51.450153768362725 0.45155127039666354
4.0 171 281 0.5456111573876791 0.6435167834029575 -60.59661320147773 106.01763957864355
4.0 x 282 0.5512247158980126 0.6495200842362199 -60.59661320147773 -1.0031750908503767
4.0 x 283 0.5343552474805613 0.6313830548673284 -60.59661320147773 -3.396875496472404
4.0 x 284 0.5485342009909479 0.6468752959856897 -60.59661320147773 -0.40006070463029886
4.0 x 285 0.5470238474248726 0.6452139030759979 -60.59661320147773 -3.1758390683490276
4.0 172 286 0.547497040928849 0.6456435391579884 -60.850858257552574 -0.19787949391810145
4.0 173 287 0.5496501740399303 0.6477867154239404 -62.61656252233818 -1.5301329097812086
4.0 174 288 0.5456144424434407 0.6430906510832114 -63.0093021490513 -0.3052596680503328
4.0 x 289 0.5516347141241792 0.6495509268277007 -63.0093021490513 -2.6657669873204597
4.0 175 290 0.5460022904748557 0.643194998484617 -60.95688123650003 1.839216322258757
4.0 176 291 0.5480427932983813 0.6453269033557325 -61.96790216099879 -0.9201869022290765
4.0 177 292 0.5462142672832506 0.6433098104554141 -62.52393863448654 -0.4728207550403738
4.0 178 293 0.5459200863541427 0.6430555404863778 -60.63004395478927 1.6133186518464413
4.0 x 294 0.5545106267387817 0.6526073416655643 -60.63004395478927 -1.4086909669603358
4.0 179 295 0.5380670361675731 0.6345446020984405 -59.537971772003644 1.0908959270012772
4.0 180 296 0.5400406723031289 0.636432987992685 -61.29681528933207 -1.497743781507019
4.0 181 297 0.5325719101374435 0.6283765102119603 -61.771490083808125 -0.3465717756189406
4.0 x 298 0.5295072871844713 0.6249669881790187 -61.771490083808125 -1.8395701831523894
4.0 x 299 0.5253524380847436 0.6206047392645008 -61.771490083808125 -2.0274991143933434
4.0 x 300 0.5334896527230684 0.6291323291589694 -61.771490083808125 -3.910702869676655
4.0 182 301 0.5288181250303267 0.6241427398643858 -58.47517585458486 2.8138565222992966
4.0 183 302 0.527221600598214 0.6223242553678415 -58.04998135102494 0.5001840713618364
4.0 x 303 0.5387192951174542 0.6348389882294176 -58.04998135102494 -2.0528552576624506
4.0 184 304 0.5248061735408533 0.619387673047207 -57.68191844719571 0.4139604272630706
4.0 185 305 0.5227554733507224 0.6171325247524563 -57.40547536365975 0.26079527429226346
4.0 186 306 0.5113151306810609 0.6046297436489155 -57.02984557721995 0.1765961303989556
4.0 x 307 0.5105884791912597 0.603594679440195 -57.02984557721995 -1.8657048058060397
4.0 187 308 0.5196382183636648 0.6138494226462752 -57.060808187351746 0.29223830495118364
4.0 188 309 0.5199422329616581 0.6140564325377065 -57.676830441700844 -0.5077681363788002
4.0 x 310 0.5181482182110947 0.6120295482149223 -57.676830441700844 -2.1370003749051207
4.0 x 311 0.5259940509790378 0.6208373977900624 -57.676830441700844 -0.507614773874586
4.0 x 312 0.5262130085748463 0.6207947852636744 -57.676830441700844 -3.489491086110881
4.0 189 313 0.5197796642971982 0.6141380399881243 -57.625701552904054 0.04968363147585819
4.0 190 314 0.5224378825737233 0.6169573165427797 -57.43263242875932 -0.0735251498062155
4.0 x 315 0.5264771285055628 0.6211656536076369 -57.43263242875932 -1.0329784447766315
4.0 191 316 0.5204696476378583 0.6148668984616777 -57.06253010019303 0.43145037146804555
4.0 x 317 0.5246582884103822 0.6195646661708344 -57.06253010019303 -3.058109747603872
4.0 192 318 0.5270482807720421 0.6223341172190077 -57.99992122927381 -0.955564989090739
4.0 193 319 0.5217073303343445 0.6165575260489919 -57.58619373915368 0.5841610055932378
4.0 x 320 0.5222193596956802 0.6171895677583193 -57.58619373915368 -1.7217265863609512
4.0 194 321 0.5517061931193592 0.6500773705590908 -62.15472095491384 438.0883703396318
4.0 x 322 0.5544758027096977 0.6532439371986053 -62.15472095491384 -2.2592651849433665
4.0 x 323 0.555312801890849 0.6541010349772258 -62.15472095491384 -0.37988218791485195
4.0 195 324 0.5497904615989418 0.6479403319416815 -62.19681365466835 -0.0014956997385269233
4.0 196 325 0.550741062549514 0.648672981060181 -61.2734315162776 0.6800403975799156
4.0 197 326 0.5531248783387099 0.6510362496162669 -62.10477037066282 -0.6754124646544213
4.0 198 327 0.5525093078190602 0.6505375894454944 -61.72843237303201 0.3266850144258342
4.0 199 328 0.5501374817321677 0.6481017032072466 -61.20089036381187 0.4506349480147307
4.0 200 329 0.5507501735914723 0.6486093709976318 -61.274258551590776 -0.10516494432290813
4.0 201 330 0.5471162391380369 0.6449374001883035 -61.79260841193323 -0.7362527912732162
4.0 202 331 0.5525808905271391 0.6508071867846075 -62.28993765305661 -0.4837757682917214
4.0 203 332 0.5476159331864976 0.6452688190036059 -61.13813079389215 1.2579629969035793
4.0 x 333 0.5430648082282514 0.6404062550912015 -61.13813079389215 -6.017275491363286
4.0 204 334 0.5452228523978947 0.6428064511344458 -60.83270167228324 0.5704709590190618
4.0 x 335 0.54178406168634 0.6390847001779446 -60.83270167228324 -0.7600917046371407
4.0 205 336 0.5396539765090201 0.6367652749201254 -60.323631660311285 0.5689483467149046
4.0 206 337 0.5325586404543782 0.6289811899571482 -59.2195765818934 1.1180059730065892
4.0 x 338 0.539700871056647 0.6367986686416122 -59.2195765818934 -0.7674417716125603
4.0 x 339 0.537812872657394 0.6345070144010353 -59.2195765818934 -0.5412214395456232
4.0 x 340 0.5334263960435529 0.6300783814895038 -59.2195765818934 -0.6743879987971937
4.0 x 341 0.5293580908973908 0.6251176945894535 -59.2195765818934 -1.3452282884935727
4.0 x 342 0.5395872160691005 0.6365059409150929 -59.2195765818934 -3.0875890909213908
4.0 x 343 0.5321067628962756 0.6287140098931805 -59.2195765818934 -3.176922893224571
4.0 207 344 0.5294337977850949 0.6257302406174259 -58.359069146165496 0.7604100033711987
4.0 208 345 0.5220740806436898 0.6174280542783714 -57.53883181885094 0.6946009300433147
4.0 209 346 0.5219427240013285 0.6172332679561539 -58.664603081894555 -1.2961088538977137
4.0 210 347 0.5240445028641719 0.6194289478380685 -58.0713671628716 0.7120686568547256
4.0 211 348 0.5219093634508811 0.6170678076359365 -59.86897650696684 -2.0157234243087387
4.0 212 349 0.5246596317612463 0.6202279430262465 -58.93690000621706 1.0376379155760347
4.0 x 350 0.5153534891457635 0.6100188732750766 -58.93690000621706 -2.970833499786785
4.0 x 351 0.5224514325362428 0.6175499936539922 -58.93690000621706 -3.67802802559477
4.0 213 352 0.5256941394243333 0.6212720804959078 -59.104110239449476 -0.17972550506789986
4.0 x 353 0.5289201821926295 0.6249559467835346 -59.104110239449476 -0.503397266512728
4.0 214 354 0.521457451445509 0.6166820872981906 -58.72737823834511 0.36320956411812233
4.0 215 355 0.5172897069854948 0.6121716796471639 -56.616606889062 2.4146051297747633
4.0 x 356 0.5171696122094318 0.6120563745694013 -56.616606889062 -1.0061381856656197
4.0 x 357 0.5211086539443388 0.6163813772877232 -56.616606889062 -1.4117626580859266
4.0 x 358 0.5269053526620604 0.6230043822209382 -56.616606889062 -2.7932268926881534
4.0 216 359 0.5177478142847685 0.6127860233284498 -57.330002966197306 -0.5069501640597238
4.0 217 360 0.5083982416987654 0.6026159030272765 -55.36744686516822 1.873239672280711
4.0 218 361 0.5481174640234346 0.6461863414806782 -64.10702795811517 102.81841849209655
4.0 219 362 0.5522313559602124 0.650763398258623 -61.47373851343393 2.226917545470215
4.0 220 363 0.5506593189804625 0.6492870949327665 -61.49134156053467 -0.13156500352792477
4.0 x 364 0.5526963391518337 0.6516932642200938 -61.49134156053467 -4.0695739619082545
4.0 221 365 0.5450619075778284 0.6432618612704376 -62.18043685221261 -0.8727855017822748
4.0 x 366 0.5543642223315743 0.6534361341709816 -62.18043685221261 -7.897563353985419
4.0 222 367 0.5444219000226852 0.6426631277226945 -62.114564955829344 0.05073438659924534
4.0 x 368 0.5480638599977422 0.6466667702704791 -62.114564955829344 -1.7462501306296758
4.0 x 369 0.5416775329554123 0.6395818088790952 -62.114564955829344 -1.6369558881345725
4.0 x 370 0.5390217430254794 0.6368755160210611 -62.114564955829344 -3.8206535777683825
4.0 x 371 0.5467480470087139 0.6451010373138535 -62.114564955829344 -4.866924467186735
4.0 223 372 0.5465365841976149 0.6446963678183494 -60.722510939191864 1.6736148132098592
4.0 224 373 0.5426059214339104 0.6403488458548966 -60.18329268782935 0.5559607093188106
4.0 225 374 0.5499339931509718 0.6483331492306061 -61.18896198907532 -0.9716620811065795
4.0 226 375 0.5462111143799596 0.6442781573045117 -61.721412679713254 -0.8088614207636979
4.0 227 376 0.5416005705644334 0.638976863883545 -60.04012105481105 1.9258457263703974
4.0 x 377 0.5515972518919167 0.6498788236275972 -60.04012105481105 -4.651947628962006
4.0 228 378 0.5353586749549947 0.6322659284277811 -59.174793708356084 0.9521857255069506
4.0 229 379 0.5364967058603487 0.6335068298504224 -59.337919860589835 -0.21198062715188826
4.0 230 380 0.533135390162014 0.6296561449432923 -60.55460235964976 -0.8821810200864562
4.0 231 381 0.5336174757455119 0.6303614325425055 -60.61945328282094 -0.0700443947664624
4.0 232 382 0.5307159952833048 0.6270195758906535 -60.26315367935239 0.3727728187194117
4.0 233 383 0.5289829836671148 0.6250606214051468 -58.99375990106406 1.1733241402957901
4.0 234 384 0.5263593020139822 0.6223567553232618 -58.398155957917815 0.5611162153351898
4.0 x 385 0.5318938080035001 0.6284062063278085 -58.398155957917815 -3.621878629505872
4.0 235 386 0.5331775148190947 0.6297244324507129 -58.89998151969857 -0.738418654727397
4.0 236 387 0.5310974204363664 0.627619326977992 -58.99508631368116 -0.20167225267221767
4.0 237 388 0.5256559739845749 0.6215828548787127 -58.87408954628444 0.04876733162092961
4.0 238 389 0.529116020278327 0.6257114888984079 -58.48103980858884 0.5256464983490048
4.0 x 390 0.5318164884117078 0.6287847328478744 -58.48103980858884 -0.8182527212315875
4.0 239 391 0.5255016064690918 0.6217597363064982 -57.92208753400084 0.5880937350399975
4.0 x 392 0.5289952087732249 0.6257981511802606 -57.92208753400084 -0.8456927519060145
4.0 240 393 0.5196705703109645 0.6152519221427715 -56.96647153395552 1.0326619900763703
4.0 241 394 0.5156513976197833 0.610793827316691 -57.375975602866276 -0.596404921631688
4.0 x 395 0.5198650539982882 0.6154615997786587 -57.375975602866276 -1.1505101199353263
4.0 242 396 0.5233867511182533 0.6195248154566008 -57.49107013266298 0.12588718780379793
4.0 243 397 0.526362241150916 0.6232178355357154 -58.1234323484622 -0.5609203515969838
4.0 244 398 0.5244335882612364 0.6210999297774338 -57.6269762968725 0.3871531130838335
