9.0 x 0 0.5377838964067219 0.6349254079475675 -55.58794855074645 -20.37688981010978
9.0 1 1 0.5521417532299063 0.6505864202488267 -57.890345458001576 -2.2769982629283803
9.0 2 2 0.5490410051017457 0.6471971274767085 -54.172343042542266 3.667265479813345
9.0 3 3 0.5477364101576716 0.6457727545059487 -40.87926647431459 12.972189014780177
9.0 x 4 0.5461561744249491 0.6437909311637207 -40.87926647431459 -25.635693878396864
9.0 4 5 0.5433685515474372 0.6407207448480227 -39.74717408541662 1.1239653689725202
9.0 5 6 0.5403810032230966 0.6376015503629339 -35.737811177314796 3.8818924336746505
9.0 6 7 0.5305006502382013 0.6264462374196285 -32.358208061667625 3.288677202891094
9.0 7 8 0.5307266755627202 0.6266100255442061 -29.626375365639117 2.566865596174434
9.0 8 9 0.524831456961889 0.6202857975361314 -26.073951588501465 3.1926139603705828
9.0 9 10 0.5244137435059476 0.6198142144501699 -26.356995031933163 -0.21325195789419027
9.0 x 11 0.5308894682694202 0.6270657345398749 -26.356995031933163 -4.48541869616621
9.0 10 12 0.5159201435418084 0.6101640715940813 -26.383450478974943 0.09147421829042557
9.0 x 13 0.5203183176176874 0.6149661910252868 -26.383450478974943 -1.0838173151923556
9.0 11 14 0.5224418606600673 0.6169963468308716 -26.45899718700234 -0.15565990181537614
9.0 x 15 0.5320383841445685 0.6277234829432571 -26.45899718700234 -3.7825826074240005
9.0 12 16 0.5199996089310611 0.614414499305853 -27.139145564774342 -0.5586179009909564
9.0 x 17 0.5090515798468764 0.6022995226864613 -27.139145564774342 -0.9679202469976964
9.0 x 18 0.5192684146726051 0.6135524294196426 -27.139145564774342 -1.5207155912191723
9.0 13 19 0.517123363593124 0.6110138002796932 -25.593268480861738 0.8793617289626603
9.0 14 20 0.5079911421372509 0.6008341955912125 -25.715516047733317 -0.2437085949526363
9.0 x 21 0.5038390999274427 0.5960782956824966 -25.715516047733317 -1.5413840546485673
9.0 15 22 0.5087954184614413 0.6015436554781067 -25.731505192780293 -0.01575595819513964
9.0 16 23 0.5113154829688007 0.6041540198179296 -25.04452285325456 0.8872956860313579
9.0 x 24 0.511244339072293 0.603954578355005 -25.04452285325456 -0.8255502945829463
9.0 17 25 0.5102576398583906 0.6033299419280627 -24.705446009774864 0.5218089166566671
9.0 x 26 0.5095940554927155 0.6027143922229522 -24.705446009774864 -0.5100637159730219
9.0 18 27 0.5053147057689346 0.5980231823142073 -24.428451995601904 0.3860640180178514
9.0 x 28 0.5130484668502198 0.6065311641692815 -24.428451995601904 -0.6548643384730468
9.0 x 29 0.5027618550371209 0.5952509361977878 -24.428451995601904 -1.429477838508074
9.0 19 30 0.511973797937108 0.6053884065513464 -25.208344930350417 -1.108056387127629
9.0 20 31 0.5057938744784424 0.5983031914554537 -24.80997148522418 0.8668414235546358
9.0 x 32 0.5097762387425361 0.6026572144015174 -24.80997148522418 -1.1628347140034982
9.0 21 33 0.512500344625003 0.6058783906070122 -27.315883921606844 -2.249026113425618
9.0 x 34 0.5171916705899277 0.611121550080651 -27.315883921606844 -1.4910271703066833
9.0 22 35 0.5171320430274734 0.6108872049676644 -25.327307244714348 1.617098268914507
9.0 x 36 0.5229594309900635 0.617137368387471 -25.327307244714348 -0.7135759260830987
9.0 x 37 0.5174757397008465 0.6109405056124156 -25.327307244714348 -1.2638595697916415
9.0 23 38 0.5173796640384878 0.6112146626897316 -25.32847719008433 -0.0063740008683161875
9.0 24 39 0.5177051791097784 0.6115467394310095 -25.184143176211958 -0.007294128854312021
9.0 25 40 0.51686903342032 0.6106273454807633 -25.421860605581514 -0.42887083610182586
9.0 26 41 0.5529029574157359 0.6515198526575253 -27.91818215242385 27.97162999566441
9.0 27 42 0.5494109268415011 0.6473726865964893 -27.175169431356093 0.4512966263423337
9.0 x 43 0.5495120600524517 0.6473163231221436 -27.175169431356093 -0.9735785120229004
9.0 x 44 0.5554042337957739 0.6539408623567996 -27.175169431356093 -2.197519661535935
9.0 x 45 0.5526410310070059 0.650796184930371 -27.175169431356093 -0.8216930548579988
9.0 x 46 0.5557407210730143 0.6543507341873834 -27.175169431356093 -0.47968835367339224
9.0 x 47 0.5490669761473795 0.647057907673647 -27.175169431356093 -0.9303886141156958
9.0 28 48 0.5454045705957774 0.6427302178303718 -27.125466678468424 0.2805656738963478
9.0 x 49 0.5457611188638737 0.6432761602697067 -27.125466678468424 -0.8160724931673364
9.0 29 50 0.5453721222617589 0.6423144584682047 -27.43457753874871 -0.23348379405702957
9.0 30 51 0.5524945290302037 0.6502992790709374 -29.10943995921251 -1.5168310963142453
9.0 31 52 0.5560265421749451 0.6542451196594803 -27.66465739907045 1.1105573966752686
9.0 32 53 0.5509399962194753 0.648546075329535 -27.645848889678796 0.12561346718612754
9.0 33 54 0.5547670348978062 0.6527610065342887 -28.640216091818516 -0.872418386647098
9.0 x 55 0.5541086428363821 0.6517413339789023 -28.640216091818516 -1.7275069504079958
9.0 34 56 0.5519913762288643 0.6499848698179704 -27.952176886992092 0.6147988189707831
9.0 35 57 0.5459349076015706 0.6435812877686872 -27.092066109094258 0.47583984701735105
9.0 36 58 0.5432935973896865 0.6406332294922295 -26.898034541205078 0.2232470119329797
9.0 37 59 0.5377412077800963 0.6345410817892736 -27.838756566710305 -1.2466078467705124
9.0 38 60 0.5366714867248831 0.6334516788069152 -26.595372984520722 1.5159899712726492
9.0 39 61 0.5342161689067018 0.6304880436432628 -26.880608951810796 -0.4040355911006053
9.0 x 62 0.5400834417466065 0.6372395887123304 -26.880608951810796 -2.506459351694062
9.0 40 63 0.5360094215031755 0.6327127588642854 -26.37648461463141 0.7205549275605598
9.0 x 64 0.537578274420461 0.6344569908741472 -26.37648461463141 -0.5052440477712565
9.0 41 65 0.535415614974271 0.6319588589459545 -26.354417946125878 0.17179565373569972
9.0 42 66 0.5260876205999873 0.6215448726773877 -25.80224106167921 0.4081647892111562
9.0 x 67 0.533663393408682 0.630104076433595 -25.80224106167921 -2.660010785602715
9.0 43 68 0.5226809551571328 0.6178678063656364 -25.50536325787011 0.4338638029608646
9.0 44 69 0.5187793137030683 0.6136686836848405 -25.526712037156432 -0.2132592715099726
9.0 45 70 0.516556678230331 0.6113057799206405 -25.491363076470066 0.010869553347983896
9.0 46 71 0.49975941213115754 0.5926607027649469 -26.16431027344536 -0.9378979272291446
9.0 x 72 0.5066283758247756 0.6003950350123155 -26.16431027344536 -1.4701383036192048
9.0 47 73 0.4913741177737237 0.5831422438554439 -23.823089249715636 2.7105862529829636
9.0 48 74 0.49228619415638286 0.5841821000789061 -23.605563419582573 0.32512551412509083
9.0 49 75 0.48716037382751354 0.5783512689619654 -23.480318632946346 0.052612681528767524
9.0 50 76 0.48546368193842027 0.5766019399977442 -23.06794596201116 0.5733399219910318
9.0 51 77 0.48310085882441095 0.5738153537977758 -22.947917674208398 0.2413089719725079
9.0 52 78 0.4830725437319623 0.573704476145838 -22.893106230038757 -0.03538745324832249
9.0 x 79 0.48745496297471846 0.5785657227112045 -22.893106230038757 -1.5276295759302556
9.0 53 80 0.4827668431972442 0.5732408403963432 -23.444759638094133 -0.8120325743542871
9.0 54 81 0.5515930840245518 0.6498412993953298 -27.28335246215691 28.363022179016053
9.0 55 82 0.5512990701023424 0.6494060447054968 -27.442696960879964 -0.0019293361420871236
9.0 56 83 0.5524515247110633 0.6504488788365865 -28.123029478634344 -0.537375072844064
9.0 57 84 0.5506987351889016 0.6486122132236517 -27.9857762359155 0.13062390439006677
9.0 x 85 0.5447501534177333 0.6419886299935064 -27.9857762359155 -0.5034201126133695
9.0 58 86 0.5464890972179397 0.6437884258176663 -27.64206279142934 0.3441669508269207
9.0 59 87 0.5443795141975024 0.6415161606947108 -27.546769661304282 0.09841364211841608
9.0 x 88 0.5451290357195921 0.6424070555212021 -27.546769661304282 -0.8821564460887323
9.0 60 89 0.5404990586433189 0.637120780922047 -26.873284288912487 0.5782263607639209
9.0 61 90 0.5313291606007217 0.6268624409462712 -26.053225066916347 0.7084078746152542
9.0 x 91 0.531984511867783 0.6271792324103227 -26.053225066916347 -0.05940865533285944
9.0 62 92 0.5383599343473316 0.6344522009110067 -26.603219191795624 -0.4868890607890961
9.0 63 93 0.5356723821013596 0.631318747416642 -27.631864208755488 -0.767124883749716
9.0 x 94 0.5390553753800789 0.6351408117074713 -27.631864208755488 -8.472337434896744
9.0 64 95 0.5271514292171348 0.621502753888454 -26.105011775019275 1.3795454029803444
9.0 65 96 0.5297637745133744 0.6245518569676419 -26.021504518673922 -0.02012397216782702
9.0 x 97 0.5244379768938532 0.6186192459137039 -26.021504518673922 -0.6165609739677862
9.0 66 98 0.5154697414783799 0.6089397053819755 -25.107852870953934 0.9641529148957275
9.0 67 99 0.5234022867658258 0.6178417570622904 -27.024943734325653 -1.637316000048358
9.0 x 100 0.5322525077357185 0.6276933556257007 -27.024943734325653 -1.466464708117595
9.0 68 101 0.5231584407088711 0.6175317638069847 -26.22609132206671 0.6835058362864253
9.0 x 102 0.5214283209335241 0.6156617866956067 -26.22609132206671 -1.8735876987831759
9.0 69 103 0.5217897289477511 0.6162351357549527 -25.91021273873234 0.2699105176631811
9.0 70 104 0.5208138812479526 0.61525459836929 -25.56522828082796 -0.02862891311245619
9.0 71 105 0.5163429345132459 0.6103163701043891 -25.13571291903053 0.5265975953408599
9.0 72 106 0.5069902338242651 0.5998281227047182 -24.499171179643522 0.7145340366330792
9.0 73 107 0.5037895715852977 0.596151493092259 -24.63274154047913 0.10630682514075929
9.0 x 108 0.49301600676365215 0.5839947461396422 -24.63274154047913 -0.8005666964546982
9.0 74 109 0.5027814057162601 0.5951120687679236 -24.529605501345525 0.10874673925747302
9.0 x 110 0.5072493615273854 0.6002994913981989 -24.529605501345525 -0.20695043648723654
9.0 75 111 0.503340995597578 0.5958877950118748 -24.36909637310628 0.08200803822699143
9.0 x 112 0.5075648825127497 0.6005470321935429 -24.36909637310628 -1.2884940199900043
9.0 76 113 0.5001627105088748 0.5923300303425213 -24.23099162690683 0.17702909793932164
9.0 77 114 0.5015049926066024 0.5934606909470367 -24.346304519219984 -0.4362079110621231
9.0 x 115 0.5104097307049423 0.6035227049481575 -24.346304519219984 -1.9421145509513167
9.0 x 116 0.512160550075436 0.6054475123704885 -24.346304519219984 -0.46283508961509057
9.0 x 117 0.49460065570277156 0.5858210074087725 -24.346304519219984 -0.12196041438694039
9.0 78 118 0.5062867001664819 0.5986687198747068 -24.774648589172475 -0.4985832649258164
9.0 79 119 0.5101162898708921 0.6027932454330593 -25.33298873651573 -0.6505629032285078
9.0 80 120 0.5102524220231786 0.6029380522346278 -24.7064696333409 0.9397354701568403
9.0 81 121 0.5486959897228061 0.64679569194052 -28.28850946175579 27.49532977936614
9.0 82 122 0.5547437585358752 0.6532816188841672 -28.60277690493174 -0.3498465922860632
9.0 83 123 0.5519698778709502 0.6500229099154123 -29.003334917654417 -0.3120826025774619
9.0 84 124 0.5540889901862927 0.6522002791979201 -29.446895132988956 -0.4166413641820874
9.0 x 125 0.5503382003540015 0.6479065755330651 -29.446895132988956 -6.643407670034087
9.0 85 126 0.5571371757754774 0.6556589774509395 -27.746694870233068 1.354142314368314
9.0 86 127 0.5655874545642978 0.6649445591567112 -28.82252195718812 -0.9543769569758496
9.0 87 128 0.5626958610735217 0.6620112301999288 -28.444946151392017 0.3566536180782798
9.0 88 129 0.5604754944270357 0.6593954728745316 -28.461542480564958 0.01948591360832097
9.0 89 130 0.5600779820429217 0.6588477403321064 -28.364928773556667 0.08633297263073203
9.0 x 131 0.5509473415661695 0.6488273431522668 -28.364928773556667 -4.954492031119496
9.0 90 132 0.556984205492113 0.6558063751720831 -29.758464105155856 -1.1754357932822757
9.0 91 133 0.561827380092168 0.6613372087895246 -29.533945116750665 0.1499770319312823
9.0 92 134 0.5693787704840144 0.6694471610226879 -31.600052127144018 -1.938047481159046
9.0 93 135 0.5725596298822323 0.672684351990396 -28.990565968368756 2.258036230586171
9.0 94 136 0.5746849695665122 0.6749658513473249 -28.82332035344645 0.07590100758001839
9.0 95 137 0.5773369351131324 0.6777041602476559 -28.94662821560011 -0.14434214524428768
9.0 96 138 0.5845996451446542 0.6855303399981378 -29.42887399805507 -0.4928432015187951
9.0 97 139 0.5823775488115093 0.6829390282287854 -29.35371970453575 0.09727226998976946
9.0 98 140 0.5770573040611272 0.677230499492075 -29.259135212671733 0.15992357837986404
9.0 99 141 0.5824945828147623 0.6832215363544266 -29.268905675509572 -0.11366758513664266
9.0 100 142 0.5796154099083828 0.679866616416127 -29.330865260958074 0.021315871958496047
9.0 101 143 0.5839461442699252 0.6847330375788925 -29.17628933903889 -0.10244512737533285
9.0 102 144 0.5891618404605682 0.690230678346568 -29.82076827696365 -0.8445033517011282
9.0 103 145 0.5859273925588888 0.686898167722584 -29.380217226485644 0.5553489073388818
9.0 x 146 0.584529023047135 0.685597878888636 -29.380217226485644 -0.4495061608552895
9.0 104 147 0.5856888738139157 0.6867239013090254 -29.29169448951042 0.14828101898569557
9.0 105 148 0.5899062415812095 0.6912531106842911 -29.713145072236532 -0.5347076710813603
9.0 106 149 0.5907236713432655 0.6920275098545494 -29.55437457047981 0.304850175435913
9.0 107 150 0.5898466375883864 0.6912449286117257 -29.946767154074898 -0.15835845876016208
9.0 108 151 0.5833312151680542 0.6842913866888809 -29.891317361769836 0.14701571083753606
9.0 109 152 0.5814074715457037 0.6819391375751951 -29.090010613035606 0.6106905373707967
9.0 110 153 0.578373072071337 0.6786127291804159 -28.915427270481093 0.17951730297195212
9.0 111 154 0.5792506019752858 0.6798104756619038 -29.37731909603081 -0.32733118559806584
9.0 112 155 0.5869730157654209 0.6881135243358276 -31.616047380070704 -2.0158536254398243
9.0 x 156 0.5864511850259093 0.6876555912236837 -31.616047380070704 -1.4683965811573145
9.0 113 157 0.585513436360704 0.6867103301467334 -29.731417425452847 1.6402133945397281
9.0 114 158 0.5848167431191333 0.6861959568699961 -29.271714231814638 0.31008659914938974
9.0 115 159 0.5815472309759853 0.6825657686437328 -29.71701880461696 -0.2266097655087762
9.0 116 160 0.5810002306100776 0.6820546026182311 -29.259756130853994 0.0005682386835594855
9.0 117 161 0.5508287399098986 0.6492553895915657 -27.291609274434432 28.504696733313448
9.0 118 162 0.5509752158763749 0.6494441260354219 -27.49016665829913 -0.29222066069999286
9.0 x 163 0.5536910101405226 0.6523435762610255 -27.49016665829913 -1.2636715943843555
9.0 119 164 0.5526207658786687 0.6509411909375 -27.8500629297104 -0.45043802716857684
9.0 x 165 0.5519245514889366 0.6502219400409647 -27.8500629297104 -1.1041043172510605
9.0 120 166 0.5522020896371805 0.6503429023618946 -27.40037963784378 0.6130478043712202
9.0 x 167 0.5526651870903909 0.6511730916576385 -27.40037963784378 -1.3303279918317195
9.0 x 168 0.5498685297637109 0.6476114982868715 -27.40037963784378 -0.5688332552132849
9.0 121 169 0.5467200238993254 0.6445253365928674 -27.278340311042893 0.0480517593471248
9.0 122 170 0.5456979830780568 0.6432180194961461 -26.927809451706494 0.5472522291135569
9.0 123 171 0.5555710368959784 0.6538253680630518 -27.550357112194643 -0.5900660772868598
9.0 124 172 0.5540126591990946 0.6520877454218975 -27.652824574356963 0.005736669150845586
9.0 125 173 0.5513993722126188 0.6491353615698232 -27.292195235659765 0.2620283168116977
9.0 126 174 0.5501410093622757 0.6477493696346286 -27.21796774865138 0.08887699831255702
9.0 127 175 0.5453363271722618 0.6427532861321799 -27.190007881475452 -0.1973549500216656
9.0 128 176 0.541975340857268 0.6391576517498394 -27.15766703971613 -0.008650650244064195
9.0 x 177 0.5340209504030567 0.6303039081719467 -27.15766703971613 -1.596378075369973
9.0 x 178 0.536933317486103 0.6334682418587751 -27.15766703971613 -2.6136683227827255
9.0 129 179 0.5335346194539498 0.630228591289079 -26.88212669144202 0.25210383891347377
9.0 130 180 0.5286194398956228 0.6248340259639878 -26.402086262409814 0.535694663017928
9.0 x 181 0.5331641467873168 0.629844743992126 -26.402086262409814 -0.765413095865668
9.0 x 182 0.5281942248834773 0.6243594756949864 -26.402086262409814 -3.845610068330039
9.0 131 183 0.5244115618784522 0.6202485821817701 -25.848484130014633 0.6527805705586367
9.0 132 184 0.5236326323410544 0.619574294111492 -25.681058876182263 0.22634181796399844
9.0 133 185 0.519492620351197 0.6149448710476217 -25.716850468504692 -0.13752870330661082
9.0 x 186 0.5147203306523958 0.6096438199105688 -25.716850468504692 -1.107835320026286
9.0 134 187 0.5225428167827095 0.6183067794581402 -26.074610080849126 -0.4073102183928192
9.0 135 188 0.5264550820660626 0.6227369000696796 -26.156124941997064 -0.06615314733193856
9.0 x 189 0.5382411856630215 0.6356470694132811 -26.156124941997064 -0.9403462980498247
9.0 136 190 0.520940568612413 0.6163373504292837 -26.450851855441783 -0.42585356392267926
9.0 137 191 0.5255948321711249 0.621579314776933 -26.95722826550506 -0.5663124814377056
9.0 x 192 0.5261350835110931 0.6222526998048379 -26.95722826550506 -1.4524362060712939
9.0 x 193 0.5194679712844453 0.6146551448360756 -26.95722826550506 -0.8805817565423517
9.0 138 194 0.5283604142606718 0.6247737433962121 -27.418769157538787 -0.5222562459613975
9.0 x 195 0.5211971679759816 0.6168309718349979 -27.418769157538787 -0.48687887512943107
9.0 139 196 0.5243402005577793 0.6205028618068446 -25.707051540573502 2.0820337110667957
9.0 x 197 0.5161942732287443 0.6112943480597632 -25.707051540573502 -0.8052137222561484
9.0 x 198 0.5210235278349036 0.6167940718917067 -25.707051540573502 -0.6642841625508851
9.0 140 199 0.5355911777091878 0.6330261492079978 -26.61304996490866 -1.0468496786048291
9.0 141 200 0.5400009172502143 0.6382250405651163 -26.947724817723504 0.04676866216274789
9.0 142 201 0.5508025507366877 0.6493705679604515 -27.23599174762961 28.124765083412232
9.0 143 202 0.5473841666577193 0.6457553261482976 -27.0566448942569 0.1461839960281388
9.0 144 203 0.5465023875128043 0.6446279941461525 -26.995884057994576 0.16840674879171402
9.0 x 204 0.5468096968033599 0.6450151361357579 -26.995884057994576 -0.8246100514355668
9.0 145 205 0.5469914385006038 0.6451595011486074 -27.008455484615077 -0.04908181257946964
9.0 146 206 0.5383359466470556 0.6358397892573232 -26.753090004985552 0.45162458406009165
9.0 147 207 0.5433647152184754 0.6413669092818366 -27.552417224423344 -0.7013017867941187
9.0 148 208 0.5443357528669726 0.6423365534538098 -27.684143597163192 -0.11756847836956297
9.0 149 209 0.5441408643424445 0.6422033325669696 -28.481218282831605 -0.6791533975507917
9.0 150 210 0.540932359415619 0.6387721863467294 -29.857618703757094 -1.214837731389192
9.0 151 211 0.5343327142694154 0.6314133342587783 -29.23657857770959 0.6285219513362605
9.0 x 212 0.5317759946853933 0.6284601263116852 -29.23657857770959 -0.9074351293139777
9.0 152 213 0.5232448980994447 0.6191648380498288 -29.30382678743624 0.03505896862918689
9.0 x 214 0.5249964053816115 0.6210555931807106 -29.30382678743624 -2.0493773509369397
9.0 153 215 0.5195225111794 0.6149767447844757 -26.330565230863655 2.7198603514809854
9.0 154 216 0.5189359799613897 0.6145645401012549 -25.812977317125757 0.4348952329958564
9.0 155 217 0.5247181664556589 0.6211032434579392 -26.247192458289607 -0.44480696478065695
9.0 156 218 0.5294649981727396 0.6264768319186882 -26.42138691369665 -0.21402049745804064
9.0 157 219 0.5298279612950709 0.6268373452089414 -26.571155707432567 -0.11401502109924877
9.0 x 220 0.5310984364813375 0.6284027556271348 -26.571155707432567 -0.7272413894363972
9.0 158 221 0.5247138166664146 0.621167643138932 -25.962893543205332 0.5610683088576423
9.0 x 222 0.5220378533039453 0.6179679554546729 -25.962893543205332 -1.0713857445431714
9.0 159 223 0.5251916752072862 0.621988163250482 -26.090788304906873 -0.5675762464596659
9.0 160 224 0.5254646330788849 0.6223690364663098 -27.212401720273437 -1.3526940388252306
9.0 161 225 0.5309741459313556 0.6284063329015364 -26.023665287491063 1.6154545718834719
9.0 162 226 0.5270303544002497 0.6238331486587466 -25.830765674911348 0.302329398991084
9.0 163 227 0.5253040073240184 0.6219912968196067 -26.00546594887726 -0.06862972439315485
9.0 164 228 0.525305130957131 0.622051150199562 -25.734239415107474 0.16417098874987346
9.0 165 229 0.5284897521843885 0.6254791133569555 -26.127151444290877 -0.30944025971151845
9.0 166 230 0.5247361939085091 0.6212975131403039 -26.65450062546641 -0.35440813920761727
9.0 167 231 0.5152101819229061 0.6107523332910567 -25.0703250832361 1.3528265719258172
9.0 168 232 0.5090077055027183 0.6040058860514173 -24.870267653390215 0.3086849619411396
9.0 x 233 0.5129987691763835 0.6084756353962033 -24.870267653390215 -1.6618272191202905
9.0 169 234 0.5104080795663171 0.6054866850337792 -24.929731489024775 -0.07399328781235681
9.0 170 235 0.5085036674077563 0.6033357528499868 -25.225243277728808 -0.17502466949417084
9.0 171 236 0.5103305092011616 0.6053932447699899 -26.18387232537806 -0.8379572520599368
9.0 172 237 0.5056044352471901 0.6002129250725841 -25.0389425239218 1.0272718571945738
9.0 173 238 0.5064022864392662 0.6011460740936851 -24.667343056444928 0.2663950634277761
9.0 174 239 0.49740765086042327 0.590720173343225 -24.357445142384602 0.4200795969963558
9.0 175 240 0.4998127251640481 0.5935690600864495 -24.079036442900193 0.11680033574835846
9.0 176 241 0.5485794102187806 0.6467738634279662 -27.14320930818874 28.229732561980487
9.0 177 242 0.5470547075401632 0.6452110167946619 -27.392481529791425 -0.5439696987580938
9.0 178 243 0.5511560415715303 0.6501858281134771 -27.42389910014528 0.024451427701567496
9.0 179 244 0.5554002871665963 0.6546872577376737 -27.769923161756918 -0.04163717978642012
9.0 180 245 0.5564197706506582 0.6556579048971009 -27.57190053008383 0.02548804664380455
9.0 x 246 0.5582533937928338 0.657594763789203 -27.57190053008383 -0.6286409646047737
9.0 181 247 0.5585989856520738 0.6583812961166405 -27.969971638533416 -0.5897524544230066
9.0 182 248 0.5557502014763407 0.6552192882406782 -27.591242989653285 0.4846509271342505
9.0 183 249 0.5469655747346609 0.6456639983852543 -27.0716871151558 0.7278077037917541
9.0 184 250 0.5435597770504335 0.6421570332340412 -26.844496855654274 0.08127164464347203
9.0 x 251 0.5468816023547571 0.6458451712432158 -26.844496855654274 -0.3394637780229921
9.0 185 252 0.5375426184497489 0.6354286867153125 -26.585131679954326 0.5079426646975165
9.0 186 253 0.5331560287866941 0.6301211242103764 -26.176655411282912 0.2463761089558716
9.0 187 254 0.5214746160221121 0.6171622640597167 -25.43295385317557 0.8628413634920626
9.0 188 255 0.5242214844053997 0.6204785199775458 -25.635462191486642 -0.17691100498584333
9.0 189 256 0.514199524822384 0.6092433957271329 -25.645989305562114 0.24192672449065356
9.0 x 257 0.5181194572956778 0.6134553617555468 -25.645989305562114 -4.160434208751006
9.0 190 258 0.5181219661279791 0.6139298997792088 -26.002179728457115 -0.35230644054326277
9.0 191 259 0.5113065889188725 0.6062975905060056 -24.870823678109545 0.9730352932529271
9.0 192 260 0.5027774919562491 0.5965987692184291 -24.26781271256821 0.44557064293979565
9.0 193 261 0.4993728950592649 0.5927303924042159 -24.653296131734592 -0.5864528587653517
9.0 194 262 0.4917978459429288 0.5840006448497475 -24.286108022469737 0.37100910085899486
9.0 195 263 0.4985391639266367 0.5914674911880994 -23.962716133473812 0.5568942767852825
9.0 x 264 0.5079920648002048 0.6020270820635966 -23.962716133473812 -1.8965627253002495
9.0 196 265 0.4875421317752797 0.5789910124378183 -23.646978163636 0.6451645554154268
9.0 197 266 0.48357775655609353 0.5742704693356997 -23.59490492032468 -0.44960140256958425
9.0 198 267 0.4906760108329674 0.5826015770196254 -23.420477917552162 0.40728067107032473
9.0 199 268 0.4936335919611885 0.5858495176389596 -23.61166861605405 -0.14697694535613337
9.0 x 269 0.4981055270382878 0.5909351218009498 -23.61166861605405 -0.939874404143584
9.0 200 270 0.48731440004614224 0.5787235492220768 -23.59036378396155 -0.21782783861624821
9.0 201 271 0.4957254635664993 0.5880870041123117 -23.867233429795068 -0.20461162592301108
9.0 x 272 0.4974313199532163 0.5899200173879067 -23.867233429795068 -0.5511542662988163
9.0 202 273 0.4890373823941264 0.5807241197214094 -23.315625910857975 0.751382932234808
9.0 203 274 0.4960071580542478 0.5886909680237449 -23.98343133778814 -0.9182624416229288
9.0 x 275 0.49305181370967816 0.5853417399003168 -23.98343133778814 -2.388240486096958
9.0 204 276 0.49043291533145866 0.5824514167602294 -24.05244939302062 -0.17236910218075607
9.0 205 277 0.48746354145288917 0.5790671907357554 -24.60324475134 -0.6891499688657667
9.0 x 278 0.48684525895362446 0.5781901894886454 -24.60324475134 -2.5628386454165124
9.0 206 279 0.4940006176221693 0.5864569306662675 -24.867867004755524 -0.2717690163648072
9.0 207 280 0.4993109361190168 0.5925493069891419 -24.464183465534376 0.5401312167627808
9.0 208 281 0.5456111573876791 0.6435167834029575 -27.335081886011455 28.120014797646842
9.0 209 282 0.5512247158980126 0.6495200842362199 -27.282835934461776 0.20906433120455148
9.0 x 283 0.540210060597836 0.6377057834369293 -27.282835934461776 -1.8836790120790745
9.0 210 284 0.5540188239972723 0.6527294753515138 -27.44624371134518 -0.17178846665505887
9.0 x 285 0.5554318546309828 0.6544188481590654 -27.44624371134518 -1.0648366786686694
9.0 211 286 0.5557274115945257 0.65465802498124 -27.53340432077201 -0.030397822683788434
9.0 x 287 0.5577922248431607 0.6566986955000979 -27.53340432077201 -0.48003372495598384
9.0 212 288 0.5518485190718517 0.6501491119156385 -27.367388268496512 0.2534744589933986
9.0 x 289 0.557665332429439 0.6563745752160344 -27.367388268496512 -0.5341498083409171
9.0 x 290 0.5521795608807384 0.6501943949918799 -27.367388268496512 -0.2817236426164449
9.0 x 291 0.5537804264343372 0.6521663208090933 -27.367388268496512 -0.27113284280547134
9.0 213 292 0.5500205218562486 0.6481235640590756 -27.415102607834733 0.0355137672633461
9.0 214 293 0.5497426776505905 0.6478841200275626 -27.27525267508815 -0.14085576535743272
9.0 x 294 0.5582202681492515 0.6572844068805341 -27.27525267508815 -0.33039046179657916
9.0 215 295 0.5419908418844294 0.6394897343101208 -26.850721601668884 0.4229934884894604
9.0 216 296 0.5439372703271164 0.6413615166342891 -26.96781000715792 0.14415941924276154
9.0 217 297 0.5366768657338381 0.6335435395163852 -26.882997462770433 0.2127712634100014
9.0 x 298 0.533589869468588 0.6301141659364734 -26.882997462770433 -0.3626918327724944
9.0 218 299 0.5297163084287418 0.6260462467392992 -27.385876630272225 -0.31865450483555335
9.0 x 300 0.5305065164121696 0.6266893558956674 -27.385876630272225 -1.6966058384216005
9.0 219 301 0.5258785523895492 0.6217107167611393 -25.781376284545264 1.121949132863449
9.0 220 302 0.5242217623481046 0.6198425048846551 -25.603773983694946 0.25280419630025364
9.0 x 303 0.5356008629285707 0.6323094416015186 -25.603773983694946 -0.9673370601726177
9.0 221 304 0.5217085318570175 0.6168132813718727 -25.439012598673756 0.21039798041447355
9.0 222 305 0.5195442361068614 0.6144179182302755 -25.304305835669076 0.11913470615983357
9.0 223 306 0.5079466488133314 0.6016355238847853 -25.081797529328853 0.023184337028283153
9.0 224 307 0.5071208150631683 0.600499936483254 -25.810937738022105 -0.8937099432596085
9.0 225 308 0.5156557977165396 0.6100245230890609 -25.09310838394346 1.0413018321338328
9.0 226 309 0.5158184738718878 0.6100927793472916 -25.07419625913093 0.12739358556763847
9.0 227 310 0.5137749234413593 0.6077924306031088 -25.4577827258805 -0.1717159603694114
9.0 228 311 0.5202120071510203 0.615021282685197 -25.590044488925496 -0.23292354542393312
9.0 x 312 0.5264099348830797 0.6217379697201869 -25.590044488925496 -1.345937966570098
9.0 229 313 0.5200356226068101 0.6150660981035059 -25.567676453555237 0.020780004122155304
9.0 x 314 0.5227648295093505 0.6179987182433881 -25.567676453555237 -0.26908664347313405
9.0 230 315 0.5244285258301973 0.6197214213039467 -25.66179271777303 -0.19826316509326247
9.0 231 316 0.5223136508650417 0.6174571059435842 -25.640662634010894 0.082644624430106
9.0 x 317 0.5262967735771155 0.6219374263221866 -25.640662634010894 -0.7882727931058184
9.0 232 318 0.5285006902009882 0.624490035472353 -26.018019068961802 -0.3954529889962224
9.0 233 319 0.5236640447164734 0.6192327391728022 -26.28471787340626 -0.09646243688106892
9.0 x 320 0.5240835812445086 0.6197293314725371 -26.28471787340626 -1.280621416492604
9.0 234 321 0.5517061931193592 0.6500773705590908 -28.329670065671852 27.219373156155587
9.0 x 322 0.5544758027096977 0.6532439371986053 -28.329670065671852 -1.4751913327347026
9.0 235 323 0.555312801890849 0.6541010349772258 -28.426488662694805 -0.13279107851115413
9.0 236 324 0.5534098760492528 0.6519819980523338 -28.538049066956912 -0.07091865558984267
9.0 237 325 0.5543658485052595 0.6527169654535229 -27.561314401315187 0.7334070065530618
9.0 238 326 0.5567682975565708 0.6550966648629174 -28.321405656802945 -0.6041978009391826
9.0 239 327 0.5562003967691259 0.6546456249698952 -28.023303204575537 0.24836694772416834
9.0 240 328 0.5538658517349274 0.6522545962243521 -27.603084498945748 0.3433300038348399
9.0 241 329 0.5543385021580929 0.6526095359576543 -27.562688204677954 0.008662315879703897
9.0 242 330 0.5507703528380984 0.6490103622969764 -27.349889519662515 -0.004851123812532165
9.0 243 331 0.5562144229491597 0.6548420028997125 -27.62289742716716 -0.25944156595067014
9.0 244 332 0.5514329350626057 0.6495082751734254 -27.273942708831104 0.45523271184204717
9.0 x 333 0.5469538756532368 0.6447324182646103 -27.273942708831104 -2.1782022740594016
9.0 245 334 0.5490952772028694 0.6471082161578279 -27.691929627764605 -0.15281494240812066
9.0 x 335 0.5456967655852051 0.6434348961046416 -27.691929627764605 -0.6759449179429318
9.0 246 336 0.5435811293442345 0.6411363724934674 -27.581188932525833 0.1707669163608152
9.0 247 337 0.5365580709997453 0.6334433528761497 -27.054220119270127 0.5409701325281162
9.0 248 338 0.5436678794758855 0.6411956106638628 -27.172709806359105 -0.21711083841750778
9.0 249 339 0.5486850367304594 0.6464209457353008 -27.30404425930844 -0.20249426951298588
9.0 250 340 0.5493800459897862 0.6473263121620652 -27.62221578935562 -0.23763768484622005
9.0 x 341 0.5463487834644003 0.6436768225750669 -27.62221578935562 -0.8389463919447735
9.0 x 342 0.5559794484930622 0.6543051485427043 -27.62221578935562 -1.5772634194573207
9.0 x 343 0.5489208202989146 0.6470583382453486 -27.62221578935562 -1.7557761813788595
9.0 251 344 0.5464740127171074 0.6443489968963321 -27.092199438980984 0.42963881612673305
9.0 252 345 0.5397586769858802 0.6368388259719189 -26.57525923392652 0.3916111525635735
9.0 253 346 0.5399439536806131 0.6369809562458842 -26.894366618688544 -0.48939603094754247
9.0 254 347 0.5419282852887479 0.6390186887947369 -26.756528037024705 0.2568904295794674
9.0 255 348 0.5401461630654908 0.6370767620994191 -27.3247414028701 -0.7862486496155725
9.0 256 349 0.5425272695158085 0.6397963027401408 -27.01771243113202 0.4126361967968073
9.0 x 350 0.5339723654625068 0.6305323382618269 -27.01771243113202 -1.224408134818738
9.0 257 351 0.5405343697477408 0.6373514083762131 -28.262193668055716 -1.5238737262668351
9.0 258 352 0.5415396244561461 0.6383528552229722 -28.339625144812793 -0.08951014262660095
9.0 259 353 0.5445461452350832 0.6417598322528967 -28.54882857813541 -0.23078919660175146
9.0 260 354 0.540533836601877 0.6374773331815886 -28.45276176365112 0.08235524561391827
9.0 261 355 0.5366338828552987 0.6333172864335895 -26.798326216283613 1.958171635624442
9.0 262 356 0.5367113091580914 0.6334341994590778 -26.395425419168443 0.683955953631834
9.0 263 357 0.5401384393988145 0.6371445214848559 -27.44493265474623 -0.8081122389234565
9.0 x 358 0.5487763063019677 0.6467689916731282 -27.44493265474623 -3.2735512539128706
9.0 264 359 0.5403007333448194 0.6374468510382384 -29.199078057135946 -1.547636371573816
9.0 265 360 0.531804880682271 0.6284127182847811 -27.504183505880437 1.6056829904859882
9.0 266 361 0.5481174640234346 0.6461863414806782 -31.203807582170825 24.552698460344956
9.0 267 362 0.5522313559602124 0.650763398258623 -27.867849743801568 2.9295859391582333
9.0 268 363 0.5506593189804625 0.6492870949327665 -27.377266939467308 0.37662084790706984
9.0 x 364 0.5526963391518337 0.6516932642200938 -27.377266939467308 -0.7599980395617223
9.0 269 365 0.5450619075778284 0.6432618612704376 -26.930040480418807 0.2635362489441704
9.0 x 366 0.5543642223315743 0.6534361341709816 -26.930040480418807 -2.6314592484522663
9.0 270 367 0.5444219000226852 0.6426631277226945 -26.893610144335568 0.02129282629921292
9.0 x 368 0.5480638599977422 0.6466667702704791 -26.893610144335568 -0.5304128326471691
9.0 x 369 0.5416775329554123 0.6395818088790952 -26.893610144335568 -0.3232299425310714
9.0 x 370 0.5390217430254794 0.6368755160210611 -26.893610144335568 -0.9733020401276242
9.0 x 371 0.5467480470087139 0.6451010373138535 -26.893610144335568 -1.4517175798026685
9.0 271 372 0.5465365841976149 0.6446963678183494 -27.374591735343394 -0.19942079443544003
9.0 272 373 0.5426059214339104 0.6403488458548966 -27.140351961280604 0.25098223201908
9.0 273 374 0.5499339931509718 0.6483331492306061 -27.907916851998433 -0.7335576705784419
9.0 274 375 0.5462111143799596 0.6442781573045117 -26.95883339864463 0.6726727232280503
9.0 275 376 0.5416005705644334 0.638976863883545 -27.096763171722912 0.10662432838990554
9.0 x 377 0.5515972518919167 0.6498788236275972 -27.096763171722912 -0.8504558135700364
9.0 276 378 0.5353586749549947 0.6322659284277811 -26.96116248869167 0.22245906208323163
9.0 277 379 0.5364967058603487 0.6335068298504224 -26.771562432767904 0.1407455810056284
9.0 x 380 0.533135390162014 0.6296561449432923 -26.771562432767904 -1.8790611415636214
9.0 278 381 0.5368963881711528 0.6341210679821997 -26.79417721655395 -0.027716000026615006
9.0 279 382 0.5339277301623105 0.6307139544385095 -26.625703255749197 0.1847445324427639
9.0 280 383 0.5322306290053646 0.6287991533823805 -26.21721689696845 0.31237144127622685
9.0 281 384 0.5295532947181123 0.6260498310571359 -25.99456172488532 0.18810408698122671
9.0 x 385 0.5350743945355887 0.6320710770521186 -25.99456172488532 -1.0823574553415298
9.0 x 386 0.5362230532498841 0.6332494301259478 -25.99456172488532 -0.7104947560251773
9.0 282 387 0.5274502693654274 0.6239056199252895 -25.80573789720829 0.08207353681617846
9.0 283 388 0.5220058979607731 0.6178483755895953 -25.568132392836546 0.16522247320010308
9.0 284 389 0.5255274371311113 0.6220372026085852 -25.687707126520916 0.012939067833944051
9.0 x 390 0.5282987598898615 0.6251948200641881 -25.687707126520916 -0.2720499258394433
9.0 285 391 0.5219570633153908 0.6181168750881698 -25.47069679199319 0.24598983628699855
9.0 286 392 0.5253815656199502 0.6220864714306504 -25.674883611184384 -0.28306082575137737
9.0 287 393 0.5195768768370408 0.6155876076863703 -25.314000094135217 0.43774922561081553
9.0 x 394 0.5156197449746778 0.6111843997280164 -25.314000094135217 -0.1575340536562635
9.0 288 395 0.5238193258433834 0.6202807970652103 -25.575597300627255 -0.32927735168589223
9.0 289 396 0.531313527160953 0.628713945127188 -26.602868447076535 -0.7863877070900855
9.0 290 397 0.5339035930923584 0.6319737360114503 -27.200759782571485 -0.5261573011360241
9.0 291 398 0.5320018299150863 0.6298975654044517 -26.489346935509605 0.6022299763463934
