1 x 0 0.5377838964067219 0.6349254079475675 -500.291536956718 -186.33486521716287
1 x 1 0.5521417532299063 0.6505864202488267 -250.145768478359 -270.8419419993284
1 x 2 0.545576865539843 0.643470025726956 -250.145768478359 -218.02918955703547
1 x 3 0.547545778165746 0.6456349077980114 -250.145768478359 -126.12633435477258
1 x 4 0.547186544636996 0.6449933807788155 -250.145768478359 -621.6189397783887
1 x 5 0.5444039236753704 0.6419338984252443 -250.145768478359 -234.76432594516433
1 x 6 0.5458906161914021 0.6439852413260491 -250.145768478359 -188.3291568377751
1 x 7 0.5393490881614206 0.6363688298713386 -250.145768478359 -190.38997609423984
1 x 8 0.5488913454915364 0.6470134665514894 -250.145768478359 -179.14110622816975
1 x 9 0.5434115928444172 0.6413020055721811 -250.145768478359 -111.38230782400223
1 x 10 0.5483995496544375 0.6465707562259817 -250.145768478359 -281.47780806772994
1 x 11 0.5546976758224502 0.6535107290834453 -250.145768478359 -505.90968036377063
1 x 12 0.5412691150791697 0.6385398895955308 -250.145768478359 -291.9434217617247
1 x 13 0.5524767673489682 0.6509382152026066 -250.145768478359 -301.07383434793724
1 x 14 0.5546161379978252 0.6529508948587631 -250.145768478359 -229.28568343435393
1 x 15 0.5570939107795893 0.6561505031875362 -250.145768478359 -440.8836299720002
1 x 16 0.5467072979997686 0.6448193774985203 -250.145768478359 -304.76237538028863
1 x 17 0.5392531998883648 0.6366019275164713 -250.145768478359 -336.42749074815276
1 x 18 0.5477832210174967 0.645872827217044 -250.145768478359 -329.4390364093331
1 x 19 0.5463973984080018 0.6441679268909231 -250.145768478359 -47.57141628987262
1 x 20 0.5409907402878302 0.6384287674925045 -250.145768478359 -182.22737400930686
1 x 21 0.5453941121310317 0.6431700190900136 -250.145768478359 -154.58309997136382
1 x 22 0.5496651911411814 0.6477531117900805 -250.145768478359 -253.7463650060337
1 x 23 0.5509212343012518 0.6491193108644748 -250.145768478359 -359.84216600711034
1 x 24 0.548861539725226 0.6469610515912372 -250.145768478359 -678.0988995208291
1 x 25 0.5481752055661763 0.6466288440542446 -250.145768478359 -342.2436979569321
1 x 26 0.5480658162118648 0.6463052054341847 -250.145768478359 -166.36909971081238
1 x 27 0.5447962432230361 0.6427941995602826 -250.145768478359 -293.2455624144596
1 x 28 0.5549713753791028 0.6536402973446451 -250.145768478359 -300.0750159664559
1 x 29 0.5465744987869683 0.6446694332488512 -250.145768478359 -482.3946769826983
1 x 30 0.5542371270857931 0.6528585474608775 -250.145768478359 -136.14625968363754
1 x 31 0.5435823523359957 0.6411051133720387 -250.145768478359 -524.2554881446875
1 x 32 0.5520132981253123 0.6504442492574312 -250.145768478359 -344.96487804645346
1 x 33 0.5541795089280654 0.6530046682405105 -250.145768478359 -411.97039993861307
1 x 34 0.5529203754116133 0.6515180771296757 -250.145768478359 -302.8312919347205
1 x 35 0.5530192829230874 0.6514768448666284 -250.145768478359 -120.14447366074917
1 x 36 0.5536580927687502 0.6520907882788768 -250.145768478359 -135.71096204330533
1 x 37 0.5488603128501183 0.6467564456817873 -250.145768478359 -405.43170938836
1 x 38 0.5490153188622043 0.64728694947468 -250.145768478359 -247.43382687821472
1 x 39 0.5492518428486627 0.6474571395501516 -250.145768478359 -189.81871649245488
1 x 40 0.5482806060109391 0.6464250628628462 -250.145768478359 -172.47253007063483
1 x 41 0.5529029574157359 0.6515198526575253 -166.76384565223933 -522.010144445917
1 x 42 0.5451566016008282 0.6426715193122843 -166.76384565223933 -215.87179891403645
1 x 43 0.5491021170151774 0.6471668767299161 -166.76384565223933 -231.69927054516734
1 x 44 0.5548725637652476 0.6536542191150024 -166.76384565223933 -702.5235396787813
1 x 45 0.5520275976226121 0.6504256338460875 -166.76384565223933 -256.86417984086944
1 x 46 0.5551752840515758 0.6540240205120142 -166.76384565223933 -475.0594147693175
1 x 47 0.5483905409389019 0.6466123254401729 -166.76384565223933 -232.33968658997549
1 x 48 0.5449236554447803 0.6424884624876411 -166.76384565223933 -444.59307448717107
1 x 49 0.5491101974619857 0.6474745986641371 -166.76384565223933 -181.727449439878
1 x 50 0.5489077937486089 0.6467459954314726 -166.76384565223933 -375.76660993083317
1 x 51 0.5557132102723857 0.6547464135883544 -166.76384565223933 -435.8218303484628
1 x 52 0.552464824814364 0.6511174260037563 -166.76384565223933 -216.71383542978253
1 x 53 0.5435375584772492 0.6410896454952053 -166.76384565223933 -378.0647329289409
1 x 54 0.552692754294543 0.651291568767847 -166.76384565223933 -407.9841152381156
1 x 55 0.5483561726812147 0.646215125749548 -166.76384565223933 -443.3161347105392
1 x 56 0.5457509056865314 0.64387066123272 -166.76384565223933 -293.16384332797634
1 x 57 0.5427382936219352 0.6405879805566532 -166.76384565223933 -185.56848003587336
1 x 58 0.5461981703599298 0.6440827249419236 -166.76384565223933 -340.02579636635005
1 x 59 0.5436786053970587 0.6413602795383858 -166.76384565223933 -210.30176023537035
1 x 60 0.5478572853941873 0.6460349345655739 -166.76384565223933 -486.3567956434282
1 x 61 0.5465249641249295 0.644265098517903 -166.76384565223933 -277.66448452421025
1 x 62 0.5541549270113525 0.6531342912377056 -166.76384565223933 -218.9686056925832
1 x 63 0.550274178224788 0.648839703377194 -166.76384565223933 -454.45723198802335
1 x 64 0.5501192238077056 0.6484652046147296 -166.76384565223933 -277.93475249077665
1 x 65 0.548353692571705 0.6464213303599776 -166.76384565223933 -413.08462365049706
1 x 66 0.5404167666931766 0.6376666864567022 -166.76384565223933 -253.79934122778553
1 x 67 0.5551898681267408 0.6541611461949232 -166.76384565223933 -789.9539475615815
1 x 68 0.5456749383359427 0.6436396376223771 -166.76384565223933 -397.5305097845318
1 x 69 0.545187766561731 0.6432040943628142 -166.76384565223933 -246.30040115076616
1 x 70 0.5465769952497358 0.6447237276909631 -166.76384565223933 -316.6104910070177
1 x 71 0.5342505091617936 0.631247939259343 -166.76384565223933 -203.95791481860923
1 x 72 0.5545234784399499 0.6532480481338865 -166.76384565223933 -283.82260031528364
1 x 73 0.542351238444367 0.639905902761003 -166.76384565223933 -534.8833467866975
1 x 74 0.5492635111365899 0.6474641884586567 -166.76384565223933 -389.57866566825135
1 x 75 0.5448314681262967 0.6426475342121429 -166.76384565223933 -292.45217207465794
1 x 76 0.5472386329643261 0.6455007591992431 -166.76384565223933 -416.3878251377353
1 x 77 0.5479954276111332 0.6459200551370179 -166.76384565223933 -397.55601624662665
1 x 78 0.5489299522607236 0.6470105215813556 -166.76384565223933 -292.2936205038895
1 x 79 0.5528161011459591 0.6511676242205704 -166.76384565223933 -210.74992580869534
1 x 80 0.5482358891137392 0.6462953999508113 -166.76384565223933 -230.37423815537412
1 x 81 0.5515930840245518 0.6498412993953298 -166.76384565223933 -344.11457046874676
1 x 82 0.5485192106447491 0.6465857663713008 -166.76384565223933 -406.53604164028883
1 x 83 0.5499200575912649 0.6480223759364828 -166.76384565223933 -411.8214692371952
1 x 84 0.5470526980900228 0.6451621893167959 -166.76384565223933 -329.8753323373843
1 x 85 0.5428760629631165 0.6403942748733266 -166.76384565223933 -403.79243670927724
1 x 86 0.5445360459739306 0.6421210194694666 -166.76384565223933 -323.2886329824179
1 x 87 0.546699978595671 0.6447341918434855 -166.76384565223933 -335.339709622516
1 x 88 0.5495737383483046 0.6479093240718137 -166.76384565223933 -405.5147150886378
1 x 89 0.5450411682909712 0.6427667469886562 -166.76384565223933 -286.24566106262586
1 x 90 0.5401710308404636 0.6373771334643047 -166.76384565223933 -270.18404803644245
1 x 91 0.5493788564576461 0.647263436282954 -166.76384565223933 -375.2681856238222
1 x 92 0.5550397641862009 0.6536872107860081 -166.76384565223933 -377.88309503812826
1 x 93 0.5462939660725855 0.6441083703661676 -166.76384565223933 -473.173836417704
1 x 94 0.5517237841901883 0.6502898326599509 -166.76384565223933 -712.778970078213
1 x 95 0.5411409709885886 0.6382429148336514 -166.76384565223933 -254.95441836437215
1 x 96 0.5513173225424429 0.6498894131212793 -166.76384565223933 -291.9867546587284
1 x 97 0.54396049068542 0.6416295530206227 -166.76384565223933 -491.30675215974134
1 x 98 0.5361454465482912 0.6332896515596799 -166.76384565223933 -327.91075541693
1 x 99 0.555479932962372 0.6544122709137983 -166.76384565223933 -507.7949449316761
1 x 100 0.5565799934588637 0.6555560247333776 -166.76384565223933 -387.3285112952852
1 x 101 0.5487735932862986 0.6469429387451879 -166.76384565223933 -282.692909213603
1 x 102 0.5472218528766077 0.6453346985711066 -166.76384565223933 -481.7875260403962
1 x 103 0.5480839934698943 0.6463911531099649 -166.76384565223933 -312.4684095651147
1 x 104 0.5479926818511901 0.6462097264396682 -166.76384565223933 -195.03923106375265
1 x 105 0.5448958004624969 0.6427619754906697 -166.76384565223933 -373.8751308361246
1 x 106 0.540389891813282 0.6376959014265502 -166.76384565223933 -350.23374597597297
1 x 107 0.5466006841617546 0.6444765089911394 -166.76384565223933 -460.0981832545456
1 x 108 0.540565374975634 0.6378754913355874 -166.76384565223933 -491.05978949422075
1 x 109 0.5478268386277186 0.6460325946396974 -166.76384565223933 -328.3501700825658
1 x 110 0.5519776342792536 0.6506354264720763 -166.76384565223933 -310.3510897168381
1 x 111 0.548919244731387 0.6473108067690087 -166.76384565223933 -300.67411110479645
1 x 112 0.5520717909947904 0.6505390475876552 -166.76384565223933 -479.93797089411964
1 x 113 0.5461763243381014 0.6441873796904499 -166.76384565223933 -348.19736860306006
1 x 114 0.5497047500276678 0.6476748412261822 -166.76384565223933 -214.58699976062036
1 x 115 0.5560804024329515 0.6550467923721882 -166.76384565223933 -233.92175755928798
1 x 116 0.556907560644091 0.6559761916401534 -166.76384565223933 -380.9417983425554
1 x 117 0.5434052352378639 0.6411421838710063 -166.76384565223933 -274.6050374542179
1 x 118 0.552674038364952 0.6511510921106735 -166.76384565223933 -314.98463059487165
1 x 119 0.5519367726920821 0.6502754595345728 -166.76384565223933 -296.2332830867157
1 x 120 0.5491945509101919 0.6473812771843884 -166.76384565223933 -511.27995060671276
1 x 121 0.5130423239931229 0.6064229361405976 -112.0044555255356 -395.81835439829956
1 x 122 0.5198493191777603 0.6139551195236651 -112.0044555255356 -313.4400414763335
1 x 123 0.5088319116547465 0.6016724497535747 -112.0044555255356 -335.06456959848975
1 x 124 0.5155720930474805 0.6092260124386506 -112.0044555255356 -326.6852979236125
1 x 125 0.5085463176035214 0.6012795847477399 -112.0044555255356 -542.3714665309697
1 x 126 0.5166375758809021 0.6106780015343056 -112.0044555255356 -210.7425527891272
1 x 127 0.5232326447050295 0.6179805023908818 -112.0044555255356 -388.16028326386675
1 x 128 0.5093645854364284 0.6026374457673908 -112.0044555255356 -290.66274986840534
1 x 129 0.5096938365982909 0.6026065113064372 -112.0044555255356 -318.7621073157788
1 x 130 0.5122437480899131 0.6055737592354096 -112.0044555255356 -303.6246068800864
1 x 131 0.501248394118857 0.5933082429465483 -112.0044555255356 -588.5196158096801
1 x 132 0.5091135798937945 0.6024892058746875 -112.0044555255356 -404.25476091071835
1 x 133 0.5190711761725885 0.6135133842611203 -112.0044555255356 -295.38561183999985
1 x 134 0.5231712347457638 0.6177246536417931 -112.0044555255356 -389.0227005652198
1 x 135 0.5172791926029331 0.6110647264538968 -112.0044555255356 -210.00256124589217
1 x 136 0.5167182943159275 0.6105262768187983 -112.0044555255356 -283.8310514009992
1 x 137 0.5166048634546095 0.6103987220664563 -112.0044555255356 -309.76016051250326
1 x 138 0.5239090525244373 0.6185836320043957 -112.0044555255356 -334.06997201074813
1 x 139 0.5089025741228071 0.6017419608705683 -112.0044555255356 -311.278036215447
1 x 140 0.505122985799659 0.5976896667833763 -112.0044555255356 -323.08249116015554
1 x 141 0.5212867231538341 0.61579971757066 -112.0044555255356 -287.7047168011853
1 x 142 0.5079309551092255 0.6006145166716714 -112.0044555255356 -331.57042855798113
1 x 143 0.5197100005353334 0.6141172015327722 -112.0044555255356 -238.31543098267747
1 x 144 0.5205055736073915 0.6147844319835171 -112.0044555255356 -253.77877265561963
1 x 145 0.5084865368136432 0.6015773418910304 -112.0044555255356 -348.3326047843823
1 x 146 0.5111297573884277 0.6045733157284846 -112.0044555255356 -258.80287441002804
1 x 147 0.5125775082260146 0.6061435404648124 -112.0044555255356 -333.2768157261398
1 x 148 0.5197422542809521 0.6140333402016769 -112.0044555255356 -278.6993914724791
1 x 149 0.514506396754323 0.6080534329458291 -112.0044555255356 -376.4815878841813
1 x 150 0.5119626648961032 0.6054991385101886 -112.0044555255356 -417.82773742829175
1 x 151 0.5021397488290229 0.5943755025244364 -112.0044555255356 -321.7106611340813
1 x 152 0.50959691972182 0.6024427953610592 -112.0044555255356 -238.3645438423585
1 x 153 0.5085454127682235 0.6014838266673906 -112.0044555255356 -304.72146670665137
1 x 154 0.5146902231848576 0.6085986409092824 -112.0044555255356 -375.223690618981
1 x 155 0.5235057569581218 0.6182356040322494 -112.0044555255356 -440.8502372050275
1 x 156 0.5127859678257976 0.6063449071026858 -112.0044555255356 -368.3193291905424
1 x 157 0.5103833238430335 0.6036854722502544 -112.0044555255356 -225.03930435636875
1 x 158 0.5115836525350363 0.6051653774811655 -112.0044555255356 -255.47022373797623
1 x 159 0.5073146011628924 0.6000439697773542 -112.0044555255356 -388.7949327450988
1 x 160 0.511787028036786 0.6052358732395763 -112.0044555255356 -180.2300227927268
1 x 161 0.5508287399098986 0.6492553895915657 -166.76384565223933 -449.3668424863479
1 x 162 0.5489495012492067 0.6471993579477857 -166.76384565223933 -292.0459559776101
1 x 163 0.5515128313739424 0.6498992662795783 -166.76384565223933 -247.33421059616086
1 x 164 0.5504506663717389 0.6485100353139576 -166.76384565223933 -298.6164044775175
1 x 165 0.548202264373185 0.64638858321449 -166.76384565223933 -253.51614117359756
1 x 166 0.5483161386616234 0.6463345280561058 -166.76384565223933 -414.6242111690199
1 x 167 0.5494243787150473 0.6479918200082406 -166.76384565223933 -223.03169436106842
1 x 168 0.5463350921445981 0.6441374598772918 -166.76384565223933 -255.38900361966586
1 x 169 0.5432694916658887 0.6411127720003618 -166.76384565223933 -289.6976877054923
1 x 170 0.5477610645512452 0.6456915233785566 -166.76384565223933 -431.98813114781876
1 x 171 0.5582303979914025 0.657135027728891 -166.76384565223933 -368.8794053921086
1 x 172 0.5471902857721977 0.6452083213901494 -166.76384565223933 -383.2289009897661
1 x 173 0.5462957172977352 0.6441603879764212 -166.76384565223933 -284.0956464245426
1 x 174 0.5475316489653016 0.6455805308636743 -166.76384565223933 -333.554736145602
1 x 175 0.5442157789414233 0.6422061997802646 -166.76384565223933 -234.8553266877581
1 x 176 0.5454766271587393 0.6434470036353669 -166.76384565223933 -307.78943661617114
1 x 177 0.5413202229399088 0.6386961565706606 -166.76384565223933 -206.94290475561203
1 x 178 0.5439586569642142 0.641545232356397 -166.76384565223933 -182.08931449090068
1 x 179 0.5408046330731091 0.6385891898755618 -166.76384565223933 -302.4654491094633
1 x 180 0.544458528331453 0.6422884204549253 -166.76384565223933 -352.75464894732147
1 x 181 0.5529481895425418 0.6515171226121074 -166.76384565223933 -296.80672520266864
1 x 182 0.5486483720249956 0.6468226839963479 -166.76384565223933 -163.7794337353198
1 x 183 0.5450812240816154 0.6430008488194373 -166.76384565223933 -376.71663373835355
1 x 184 0.5477944719159502 0.646112423474192 -166.76384565223933 -357.57250078702884
1 x 185 0.5452911724783814 0.643127032887535 -166.76384565223933 -284.7565355646258
1 x 186 0.5447399036221082 0.6425910479386926 -166.76384565223933 -236.09546617508133
1 x 187 0.5513109724053095 0.6497208936149927 -166.76384565223933 -313.818965220556
1 x 188 0.5525154033989896 0.651126501495682 -166.76384565223933 -356.164030224284
1 x 189 0.559209428641538 0.6582152303274041 -166.76384565223933 -320.203236841539
1 x 190 0.5439195743014652 0.6413704258499681 -166.76384565223933 -269.60874032807
1 x 191 0.5524973855727218 0.6511197611058787 -166.76384565223933 -315.9265922244261
1 x 192 0.5492170399555842 0.6475192387664783 -166.76384565223933 -256.8251621739218
1 x 193 0.5434720336149714 0.6410465593362685 -166.76384565223933 -260.9042964589056
1 x 194 0.5512357383274188 0.6498189723822557 -166.76384565223933 -312.1776991487996
1 x 195 0.5419420124253912 0.6395351206535985 -166.76384565223933 -277.139215111868
1 x 196 0.5449312878859893 0.6429992441301582 -166.76384565223933 -542.0209292218517
1 x 197 0.5418740675728457 0.6392804805012844 -166.76384565223933 -220.37095245614668
1 x 198 0.5456925842507111 0.6435920796444613 -166.76384565223933 -246.70058414224496
1 x 199 0.5585947977544702 0.6577314395084196 -166.76384565223933 -298.22530100916015
1 x 200 0.5526270230260191 0.6515769406324046 -166.76384565223933 -578.4068377286253
1 x 201 0.5508025507366877 0.6493705679604515 -166.76384565223933 -239.01009442161467
1 x 202 0.5453758174570335 0.6433788286300519 -166.76384565223933 -307.4153233876665
1 x 203 0.5479479029031654 0.6459021745883835 -166.76384565223933 -386.058437680546
1 x 204 0.5491744795320268 0.6474647304568963 -166.76384565223933 -216.8840124381838
1 x 205 0.5491822006131637 0.6474206818571976 -166.76384565223933 -319.4038029310497
1 x 206 0.5401293151824044 0.6376720671035697 -166.76384565223933 -411.61148682113776
1 x 207 0.5535426994338488 0.6521750621409037 -166.76384565223933 -392.0143931131444
1 x 208 0.5496352595529351 0.6478088075356933 -166.76384565223933 -339.6974364720055
1 x 209 0.5486675377067661 0.6469440299047029 -166.76384565223933 -390.3965139684085
1 x 210 0.5454875273916407 0.6434852288364773 -166.76384565223933 -408.71946114854336
1 x 211 0.5422878877608737 0.639768215686431 -166.76384565223933 -322.1934893360388
1 x 212 0.5465643141720368 0.6444006769926734 -166.76384565223933 -376.1233831626761
1 x 213 0.5382423825543807 0.6354554872457374 -166.76384565223933 -357.8207082311716
1 x 214 0.5503303099623379 0.6485963580617947 -166.76384565223933 -399.6375439744514
1 x 215 0.5453688666921175 0.6431887339260952 -166.76384565223933 -225.62986132324744
1 x 216 0.5482141646187078 0.6466465415387856 -166.76384565223933 -295.2857448631033
1 x 217 0.5535647102456497 0.6522969657526819 -166.76384565223933 -340.40816179050586
1 x 218 0.5527834184919425 0.6514799403897021 -166.76384565223933 -321.86466138061854
1 x 219 0.5488907427578062 0.6470500615210265 -166.76384565223933 -345.9857050561002
1 x 220 0.5501563945138993 0.6487016624711167 -166.76384565223933 -395.5377567133047
1 x 221 0.5435342829636439 0.6412379338132688 -166.76384565223933 -300.4624178963076
1 x 222 0.5468212655571387 0.6445923357858163 -166.76384565223933 -466.71558136668784
1 x 223 0.548982286259799 0.6475998569332498 -166.76384565223933 -181.80547362078818
1 x 224 0.5486522670789816 0.6469397247951386 -166.76384565223933 -241.75890568421946
1 x 225 0.5535243477234183 0.6520597626715479 -166.76384565223933 -615.677620312382
1 x 226 0.5449823208740662 0.6425432943850109 -166.76384565223933 -379.42348552768016
1 x 227 0.5472692608122395 0.6454129813265689 -166.76384565223933 -391.0688548179696
1 x 228 0.5486094697352656 0.6468883176804081 -166.76384565223933 -286.703232256562
1 x 229 0.5519060284034338 0.650209982366688 -166.76384565223933 -375.8086761270115
1 x 230 0.5454137752809934 0.643265888628257 -166.76384565223933 -415.7259353475978
1 x 231 0.5400054524697205 0.6374727547946101 -166.76384565223933 -228.38009270896669
1 x 232 0.5425454055352525 0.6404802275474402 -166.76384565223933 -377.5248308720354
1 x 233 0.5518661265925109 0.650319943570257 -166.76384565223933 -487.71956426044
1 x 234 0.550475362270732 0.6486209119125227 -166.76384565223933 -329.69768185871754
1 x 235 0.547730162389167 0.6458597835394162 -166.76384565223933 -388.74779478780334
1 x 236 0.5504757267439362 0.6488206571918574 -166.76384565223933 -399.7696514659871
1 x 237 0.5442320437441842 0.6422876210821113 -166.76384565223933 -276.4206167596095
1 x 238 0.5492663768239403 0.6475185112596207 -166.76384565223933 -285.9358349289929
1 x 239 0.5419588284158661 0.639158670560579 -166.76384565223933 -374.16476756926636
1 x 240 0.5494111972326671 0.6477712205399312 -166.76384565223933 -266.88307231610355
1 x 241 0.5485794102187806 0.6467738634279662 -166.76384565223933 -251.22418579892314
1 x 242 0.547310416719143 0.6454786857925248 -166.76384565223933 -220.06767554079346
1 x 243 0.5528698008784585 0.6519432404253387 -166.76384565223933 -373.79105412658674
1 x 244 0.552951940029629 0.6514159813964545 -166.76384565223933 -518.2461488084515
1 x 245 0.550002519997964 0.6481775301061405 -166.76384565223933 -261.73127110195304
1 x 246 0.5508721672121175 0.6491943133983298 -166.76384565223933 -252.85195497852146
1 x 247 0.5513943815686803 0.6501729287424546 -166.76384565223933 -259.856448444272
1 x 248 0.5457665480584132 0.6436193455737277 -166.76384565223933 -381.2250113702395
1 x 249 0.5395910684779641 0.6369339125336 -166.76384565223933 -418.80763988367084
1 x 250 0.5453703273799232 0.6434943797406887 -166.76384565223933 -262.4862393439992
1 x 251 0.5521103369845508 0.6506374792744314 -166.76384565223933 -510.4195823530258
1 x 252 0.5428146787593214 0.6403468893041967 -166.76384565223933 -443.37122341023365
1 x 253 0.5448021587311356 0.642095677265814 -166.76384565223933 -256.40541792082956
1 x 254 0.5374344746247112 0.6344933951969496 -166.76384565223933 -368.23054681177035
1 x 255 0.5514699034906088 0.6501751491246995 -166.76384565223933 -350.8087872779797
1 x 256 0.5394792755388449 0.6367035681584263 -166.76384565223933 -442.7466381262182
1 x 257 0.552004455065429 0.6503698599853628 -166.76384565223933 -586.2438106023026
1 x 258 0.5519063088028876 0.6507683353833009 -166.76384565223933 -342.4043001100492
1 x 259 0.543097598921678 0.6407050244636315 -166.76384565223933 -255.27495670919492
1 x 260 0.5410720946086592 0.6383773156371437 -166.76384565223933 -253.62096897963215
1 x 261 0.5463207357911118 0.6442476944060713 -166.76384565223933 -246.19842546573352
1 x 262 0.5426935290770594 0.6400688828352358 -166.76384565223933 -319.53585978830824
1 x 263 0.5551382143303557 0.6536535920249444 -166.76384565223933 -484.7114865031755
1 x 264 0.5568835412457227 0.6556704284158427 -166.76384565223933 -220.01590248116142
1 x 265 0.5398265160302662 0.6371231730970333 -166.76384565223933 -495.8507241300969
1 x 266 0.5457766663818057 0.6433957796770577 -166.76384565223933 -160.18332421401834
1 x 267 0.5546036337532604 0.6536797512796099 -166.76384565223933 -475.6487416784874
1 x 268 0.5514435589355237 0.6497261961896894 -166.76384565223933 -363.29124061461505
1 x 269 0.5527708590903817 0.6513714556857096 -166.76384565223933 -499.4134442338832
1 x 270 0.5439909845808915 0.6417508629451674 -166.76384565223933 -233.4688974081464
1 x 271 0.5551164726326775 0.6537562282463348 -166.76384565223933 -385.1776473119811
1 x 272 0.5497795185460014 0.6480158936023122 -166.76384565223933 -283.37269249974554
1 x 273 0.5428979674072114 0.6408523836763859 -166.76384565223933 -421.6678008730621
1 x 274 0.5540202133843138 0.652802614093752 -166.76384565223933 -246.83706041256227
1 x 275 0.5462821377866285 0.6442293611573865 -166.76384565223933 -183.0502074364632
1 x 276 0.5442527825070154 0.6421707904235894 -166.76384565223933 -277.66583653999294
1 x 277 0.5463649826647928 0.6443830016928301 -166.76384565223933 -271.07112055228987
1 x 278 0.5481002250320532 0.6460620090713048 -166.76384565223933 -215.1529568438861
1 x 279 0.5542774782306888 0.6529129893914003 -166.76384565223933 -347.79227554643484
1 x 280 0.5528630028094609 0.6515627751339151 -166.76384565223933 -416.45751061931855
1 x 281 0.5456111573876791 0.6435167834029575 -166.76384565223933 -260.58437430476437
1 x 282 0.5543388101947144 0.6529072526438425 -166.76384565223933 -431.2015397703478
1 x 283 0.5377459984135378 0.6351141035040739 -166.76384565223933 -159.35480750473494
1 x 284 0.5517168966544964 0.6503437438186771 -166.76384565223933 -337.69819490920753
1 x 285 0.5502714527235484 0.6487540347086626 -166.76384565223933 -605.2215687268287
1 x 286 0.5506394436166495 0.6490769192926822 -166.76384565223933 -366.36452917434366
1 x 287 0.5509391218955817 0.6491225756043891 -166.76384565223933 -465.2280154321122
1 x 288 0.5447563987518502 0.6422977070315178 -166.76384565223933 -365.83298648849313
1 x 289 0.5547031150741635 0.6533336568267732 -166.76384565223933 -390.07682570253996
1 x 290 0.5491570436015807 0.647074661276777 -166.76384565223933 -247.93047472737751
1 x 291 0.5508066942460064 0.6491003219566464 -166.76384565223933 -384.23742806464253
1 x 292 0.5469319647197048 0.6449264676660185 -166.76384565223933 -367.2085846769731
1 x 293 0.5484779534468376 0.6467203811520004 -166.76384565223933 -226.31456535470736
1 x 294 0.557330545731884 0.6564814288337988 -166.76384565223933 -390.32892565238876
1 x 295 0.5410371968481139 0.6385832897724809 -166.76384565223933 -318.4329086935174
1 x 296 0.5508306193535675 0.6489468118470413 -166.76384565223933 -483.9237847294748
1 x 297 0.5417284087544697 0.6394032601278018 -166.76384565223933 -383.903428048496
1 x 298 0.5459043726291511 0.6438070645603602 -166.76384565223933 -391.7624233460916
1 x 299 0.5420878525679556 0.6398400710026722 -166.76384565223933 -409.4454445267448
1 x 300 0.5497683326787162 0.6478159634967728 -166.76384565223933 -427.871830002324
1 x 301 0.5453179980505157 0.643104804891361 -166.76384565223933 -166.65451142081304
1 x 302 0.5474275648496889 0.645457339251724 -166.76384565223933 -369.1669300384535
1 x 303 0.5589210940990265 0.6579114198164612 -166.76384565223933 -293.75157735796313
1 x 304 0.5468275410223327 0.6446034802938618 -166.76384565223933 -346.1244920554542
1 x 305 0.5469758931274509 0.645011174450566 -166.76384565223933 -324.4610899098625
1 x 306 0.5386359873640498 0.6360546226808107 -166.76384565223933 -233.27841757909601
1 x 307 0.5483194563228684 0.6462281506421772 -166.76384565223933 -265.630582873539
1 x 308 0.5557912280821211 0.6545787367220879 -166.76384565223933 -541.4322293198825
1 x 309 0.549097034080506 0.6472097726393228 -166.76384565223933 -387.64272360002633
1 x 310 0.54726314197307 0.6452918700466103 -166.76384565223933 -444.0046142135707
1 x 311 0.5542474985019102 0.6530415221246575 -166.76384565223933 -301.2565160607033
1 x 312 0.5539638304236517 0.6524517570361816 -166.76384565223933 -449.7047758085692
1 x 313 0.5486140977998649 0.6470357254421559 -166.76384565223933 -331.6621435971582
1 x 314 0.5511592696538583 0.6494548795828687 -166.76384565223933 -234.08536910737445
1 x 315 0.5524999028069514 0.6507834975859332 -166.76384565223933 -295.8803193460908
1 x 316 0.5472491679041059 0.6453959750411175 -166.76384565223933 -363.0604731418679
1 x 317 0.5525445342464818 0.6511441965017142 -166.76384565223933 -206.36781342825608
1 x 318 0.5543224560443215 0.653204311792828 -166.76384565223933 -332.4169639542903
1 x 319 0.5444399104086536 0.6423363405717132 -166.76384565223933 -409.53860240667046
1 x 320 0.5494745078030592 0.6477993267277931 -166.76384565223933 -435.2511290216329
1 x 321 0.5517061931193592 0.6500773705590908 -166.76384565223933 -316.638311386614
1 x 322 0.5516818442508463 0.65029051586261 -166.76384565223933 -423.9494434603031
1 x 323 0.552523152031974 0.6511545572586734 -166.76384565223933 -327.14160724339024
1 x 324 0.546897286745252 0.6448695245356852 -166.76384565223933 -348.85643935763255
1 x 325 0.5497700009622842 0.6477523052467345 -166.76384565223933 -239.6836896690666
1 x 326 0.5512393108245057 0.64943127877714 -166.76384565223933 -423.01820890470174
1 x 327 0.548168570821261 0.6464802725609721 -166.76384565223933 -308.3397789394737
1 x 328 0.5464298637410399 0.6445498035888972 -166.76384565223933 -295.5931919071525
1 x 329 0.5494664489079185 0.6475645146810833 -166.76384565223933 -320.5719693217619
1 x 330 0.5451230552271453 0.6432603998547853 -166.76384565223933 -236.90871846472584
1 x 331 0.5543237233121082 0.6529121737062918 -166.76384565223933 -351.94533355890684
1 x 332 0.5438458767915161 0.6414614050989208 -166.76384565223933 -371.6559392352879
1 x 333 0.5444144683862578 0.6422937083006433 -166.76384565223933 -158.1812396894316
1 x 334 0.5464608437795867 0.6446090308670391 -166.76384565223933 -472.51120898869056
1 x 335 0.5451578734185116 0.6430906250279755 -166.76384565223933 -416.1027769256608
1 x 336 0.5434651453519752 0.6412160127210678 -166.76384565223933 -351.7481236858988
1 x 337 0.5417146070691412 0.6392709667264609 -166.76384565223933 -321.4132200515601
1 x 338 0.5557576237075391 0.6545164034769119 -166.76384565223933 -305.2338115701529
1 x 339 0.5540802654693933 0.652477636535123 -166.76384565223933 -312.4214074078244
1 x 340 0.5500186900319989 0.6484704822838636 -166.76384565223933 -374.39205596958175
1 x 341 0.5457604066782787 0.6433509219131196 -166.76384565223933 -433.36060855407277
1 x 342 0.5551509872219955 0.6537470096021121 -166.76384565223933 -447.2438497458229
1 x 343 0.5486758074231937 0.6470627576320571 -166.76384565223933 -490.1616004215836
1 x 344 0.5457020779252186 0.6438110573456765 -166.76384565223933 -282.6328208714624
1 x 345 0.5421625683868904 0.6395662668222086 -166.76384565223933 -265.8525523177191
1 x 346 0.5488736302296875 0.6470505868982948 -166.76384565223933 -263.36298743952966
1 x 347 0.5506344072274597 0.6488376110001416 -166.76384565223933 -393.32234817569
1 x 348 0.546958333644246 0.6450241319975025 -166.76384565223933 -240.70818235283124
1 x 349 0.5509867158298294 0.6495015443141594 -166.76384565223933 -396.48840926682675
1 x 350 0.5404863671918241 0.6380282500863617 -166.76384565223933 -212.12857598662333
1 x 351 0.5471074556873434 0.6448925629271678 -166.76384565223933 -220.6974862740284
1 x 352 0.54980996534591 0.6479855914782668 -166.76384565223933 -332.8754952106562
1 x 353 0.551535432792115 0.6500955530006489 -166.76384565223933 -332.5887928141222
1 x 354 0.5448347855637117 0.6427463618661988 -166.76384565223933 -320.95954125661376
1 x 355 0.5451293980739661 0.643092766519856 -166.76384565223933 -486.8951834489743
1 x 356 0.5491647841869206 0.6473918800512495 -166.76384565223933 -492.6994695439038
1 x 357 0.5523848083350633 0.650854012577125 -166.76384565223933 -479.475897451345
1 x 358 0.5574804358329123 0.6566039083188648 -166.76384565223933 -515.3207912693679
1 x 359 0.5490323592718621 0.6474038281986662 -166.76384565223933 -444.85296920225596
1 x 360 0.5404748528722105 0.6382397665440218 -166.76384565223933 -276.05619752677325
1 x 361 0.5121153032840362 0.6053931463880522 -112.0044555255356 -388.89283260361464
1 x 362 0.5177730105031174 0.6118994136607848 -112.0044555255356 -199.2626693611462
1 x 363 0.5110088060581464 0.6045136321926913 -112.0044555255356 -267.3296567759122
1 x 364 0.515547441368888 0.6094894437947592 -112.0044555255356 -202.33407472895527
1 x 365 0.5059784528195301 0.5987623028049519 -112.0044555255356 -235.61313454637386
1 x 366 0.5233096591124871 0.6179417286828894 -112.0044555255356 -197.3219936220176
1 x 367 0.5124075051203167 0.6058979985035445 -112.0044555255356 -309.22947592822925
1 x 368 0.5169839242540076 0.6109332575765244 -112.0044555255356 -277.64019956800456
1 x 369 0.5096476832963669 0.6026732378479337 -112.0044555255356 -253.40909034624792
1 x 370 0.5070959373352403 0.6000551767915905 -112.0044555255356 -209.60949730011268
1 x 371 0.5151743980484541 0.6088338895866943 -112.0044555255356 -215.5476609171593
1 x 372 0.5151118205716569 0.608509035570668 -112.0044555255356 -446.59740649581215
1 x 373 0.5079556244036213 0.600882570558619 -112.0044555255356 -305.81754188253433
1 x 374 0.5207384148590543 0.6150424862839569 -112.0044555255356 -344.63632866174083
1 x 375 0.5089783911760755 0.6019850714607232 -112.0044555255356 -216.28971233564323
1 x 376 0.5072402422400312 0.5998220770125465 -112.0044555255356 -404.156699701443
1 x 377 0.5243439127222362 0.619015324212472 -112.0044555255356 -202.26876446594844
1 x 378 0.505641475400403 0.5984120554376668 -112.0044555255356 -325.5609607990781
1 x 379 0.5141470347038256 0.6077533304510833 -112.0044555255356 -289.7314541277041
1 x 380 0.5098365887702804 0.602824823391266 -112.0044555255356 -463.28434639235604
1 x 381 0.51361175640221 0.6073041641488905 -112.0044555255356 -310.88521759482956
1 x 382 0.5096643488038727 0.6026316999625024 -112.0044555255356 -309.13708801189637
1 x 383 0.510615402585445 0.603794421403159 -112.0044555255356 -271.5103592972692
1 x 384 0.5089919380800221 0.6023057056554213 -112.0044555255356 -293.89013939891476
1 x 385 0.5191223287564032 0.6131891477140082 -112.0044555255356 -430.490196127441
1 x 386 0.5202233509482461 0.6143333369795299 -112.0044555255356 -245.3779218813354
1 x 387 0.5101804487167471 0.6034976094476951 -112.0044555255356 -268.7956761439675
1 x 388 0.506784114610401 0.5995362031207183 -112.0044555255356 -270.95917487622296
1 x 389 0.5165214728627403 0.6106940627521478 -112.0044555255356 -375.86969593393866
1 x 390 0.5158297028476927 0.6096718099743461 -112.0044555255356 -285.7161760614179
1 x 391 0.5085547900629089 0.6015768558472536 -112.0044555255356 -311.84092779272316
1 x 392 0.5168270698909101 0.6108890158871967 -112.0044555255356 -289.29065114449213
1 x 393 0.5066592480344925 0.5993715483083164 -112.0044555255356 -328.3273909445312
1 x 394 0.5088979603745015 0.6019644061954613 -112.0044555255356 -237.53085983272166
1 x 395 0.5168953305412606 0.6108269542755271 -112.0044555255356 -291.91158896165393
1 x 396 0.5207337903176296 0.615185989545478 -112.0044555255356 -441.1848289401184
1 x 397 0.5162609802755623 0.6105564841825349 -112.0044555255356 -345.92380715455823
1 x 398 0.5100257488798101 0.6032243897883098 -112.0044555255356 -265.80846743699294
