3.0 x 0 0.5377838964067219 0.6349254079475675 -166.76384565223933 -61.86638366187305
3.0 x 1 0.5521417532299063 0.6505864202488267 -125.0728842391795 -48.57275349049848
3.0 x 2 0.545576865539843 0.643470025726956 -125.0728842391795 -31.01930160278232
3.0 1 3 0.547545778165746 0.6456349077980114 -125.31698326459544 -0.5652520647611965
3.0 x 4 0.5459119220921729 0.6436055819038555 -125.31698326459544 -81.00415342853447
3.0 2 5 0.5431584815505646 0.6405663102498814 -121.79540845497063 3.513477897837049
3.0 3 6 0.540214211182518 0.637498855258309 -109.25928286917292 12.408799707886502
3.0 4 7 0.5303733643747843 0.6263851416489733 -98.71416754679304 10.45392194666568
3.0 5 8 0.5305900787917561 0.6265450066829712 -90.03595895411551 8.513038144592286
3.0 6 9 0.5246900808165486 0.6202100368178314 -78.56850388381555 11.107391184758974
3.0 x 10 0.524315788267148 0.6197869257154565 -78.56850388381555 -0.9092725951859251
3.0 x 11 0.5311889672281704 0.6274763166926055 -78.56850388381555 -13.02034228737022
3.0 7 12 0.5161325344813418 0.6104909407376213 -78.41578537927786 0.27057528076351645
3.0 x 13 0.520412855158953 0.6151734117642187 -78.41578537927786 -3.118292140825062
3.0 8 14 0.5225202658024918 0.6171950871840225 -78.73229346164322 -0.3961840518936768
3.0 x 15 0.5321684301445722 0.6279752204612691 -78.73229346164322 -10.970600419961855
3.0 x 16 0.5201483422052586 0.6146868701996272 -78.73229346164322 -1.649658138681687
3.0 9 17 0.5116489951423842 0.6051849679088648 -80.40274313682424 -1.461264629468488
3.0 x 18 0.5107659688154448 0.6041519783765636 -80.40274313682424 -5.089069766823918
3.0 10 19 0.5086495019959004 0.6016501185737714 -74.92645838541785 4.809363681062074
3.0 11 20 0.4992244536434098 0.5910871817780985 -75.11423130177279 -0.308996085036199
3.0 x 21 0.4949825574935 0.5862180966637763 -75.11423130177279 -4.022239912845201
3.0 12 22 0.49994663999247024 0.5917217200000204 -75.15716655784513 -0.042623004901685135
3.0 13 23 0.5026884208067011 0.5946219376489358 -73.2845904135292 2.0728849621851637
3.0 x 24 0.5026868274562268 0.5945152214193289 -73.2845904135292 -4.422072806728735
3.0 14 25 0.5017906474098063 0.5939488798900628 -72.45190133692893 1.0158306200028093
3.0 15 26 0.5011311653670657 0.5933178057642879 -73.2179707306176 -0.9583785899483175
3.0 16 27 0.49619416630181773 0.5879471767984581 -71.62701497835205 1.700270670415918
3.0 x 28 0.5040609046188168 0.5966819807863484 -71.62701497835205 -1.199334642356007
3.0 17 29 0.4936170021685301 0.5851258755550641 -72.87456910194409 -0.8458720285870953
3.0 18 30 0.5006967526936045 0.5930365326187854 -72.24704651518732 0.2996130398693424
3.0 x 31 0.494240325081036 0.5856178214787962 -72.24704651518732 -3.0956248471625614
3.0 x 32 0.5044835494713121 0.5972095008169426 -72.24704651518732 -1.2232951769103835
3.0 x 33 0.5072035853092637 0.6004342464141796 -72.24704651518732 -2.9257869574098905
3.0 x 34 0.5058052993336115 0.5987942139943185 -72.24704651518732 -1.0842843041020984
3.0 x 35 0.5056422307581794 0.5984579264475222 -72.24704651518732 -4.47760571939812
3.0 x 36 0.5065695862920279 0.599433001778726 -72.24704651518732 -3.827353971561074
3.0 x 37 0.5008184428130176 0.5928901871824409 -72.24704651518732 -1.4714500430881898
3.0 19 38 0.5010241789417088 0.5934436412544827 -72.31903140045675 -0.07733720209090933
3.0 20 39 0.5014010355934655 0.5938505776462736 -73.06360133698769 -0.8960231710211346
3.0 x 40 0.5005763677206527 0.5929232004836515 -73.06360133698769 -2.208844437620911
3.0 21 41 0.5529029574157359 0.6515198526575253 -85.14214634702722 81.91627657510845
3.0 22 42 0.5494109268415011 0.6473726865964893 -81.4784255932369 3.372004659064892
3.0 x 43 0.5495120600524517 0.6473163231221436 -81.4784255932369 -1.4738622288423073
3.0 x 44 0.5554042337957739 0.6539408623567996 -81.4784255932369 -10.574445772736858
3.0 x 45 0.5526410310070059 0.650796184930371 -81.4784255932369 -1.365260167499251
3.0 x 46 0.5557407210730143 0.6543507341873834 -81.4784255932369 -3.038610086880162
3.0 23 47 0.5490669761473795 0.647057907673647 -82.57289456576146 -1.353624966821279
3.0 24 48 0.5451292949610262 0.6424887909642932 -80.68500194764404 2.1186828096885932
3.0 x 49 0.5456059651094738 0.6431640471877267 -80.68500194764404 -4.832706523308467
3.0 x 50 0.5451213347070031 0.6420909457617665 -80.68500194764404 -0.040386119521464536
3.0 x 51 0.5521535978209395 0.650362959215664 -80.68500194764404 -1.8844076251300237
3.0 x 52 0.5487989330032247 0.6466060670925611 -80.68500194764404 -3.3977418657818177
3.0 25 53 0.539713900569354 0.6364115386109882 -79.84789023617046 0.9443277448756859
3.0 x 54 0.5436653057377719 0.6407911015302962 -79.84789023617046 -1.7485232522039098
3.0 26 55 0.5390978928920999 0.6354366135728093 -81.78683409833157 -1.7370192962292847
3.0 27 56 0.5360177413538288 0.632303327087833 -80.02758115144707 1.6857069536410307
3.0 28 57 0.52921050815619 0.6250247354356597 -78.77338528800782 0.8699731558220094
3.0 29 58 0.5262353429576968 0.621649708808886 -78.07520677612315 0.72683514452293
3.0 x 59 0.5203539727421266 0.6151167456987914 -78.07520677612315 -3.9466936679906937
3.0 30 60 0.5252479881440714 0.620623139544126 -77.14005354895882 1.20811779700216
3.0 31 61 0.5226869548030965 0.6175084800477569 -76.56804433699025 0.453810532151941
3.0 x 62 0.5288017291550798 0.6245850621745078 -76.56804433699025 -4.222914241869049
3.0 32 63 0.524538817970396 0.6198161587847864 -77.63601081709635 -0.851444198129407
3.0 33 64 0.5260832890511408 0.6215569355758567 -77.19074861615906 0.31263857963088526
3.0 34 65 0.525489346070609 0.6208121557985794 -78.04990780316619 -0.7097868249276118
3.0 35 66 0.515918362212298 0.6100538222877632 -75.2101904316014 2.695460781268423
3.0 x 67 0.523974203704633 0.6191873734251996 -75.2101904316014 -14.21644312845173
3.0 36 68 0.5125897919511064 0.6064342824547414 -75.0474558503238 0.3000342795439508
3.0 37 69 0.5084583384614271 0.60194467925128 -73.90304915664592 0.9519186478247406
3.0 38 70 0.5062254588171419 0.5995553150495008 -73.6217450766028 0.2568659136854734
3.0 39 71 0.488611279243422 0.5798505114267101 -74.16478224487875 -0.8081539977309973
3.0 x 72 0.4959114277896218 0.588120439290621 -74.16478224487875 -3.8542983476540016
3.0 40 73 0.4800241329630945 0.5700092683587115 -68.35444285746401 6.179625688510342
3.0 41 74 0.48103954026389256 0.5711842773520708 -68.25518416298446 0.20623342770691977
3.0 42 75 0.47584376324306926 0.5652221719316063 -67.39598409174948 0.7864196645073207
3.0 43 76 0.473977013639603 0.5632497453161619 -66.88831670224923 0.6696551882587514
3.0 x 77 0.4716930357415013 0.5605441012560467 -66.88831670224923 -0.18947006947216494
3.0 44 78 0.47383841588041603 0.5630190095445914 -66.78147993192955 0.01672503328670416
3.0 x 79 0.4785111089307186 0.5682685547319091 -66.78147993192955 -4.167345281382062
3.0 x 80 0.473305985019025 0.5623060333414787 -66.78147993192955 -2.06935330391795
3.0 45 81 0.5515930840245518 0.6498412993953298 -84.01401029439101 416.3006374734367
3.0 x 82 0.5512990701023424 0.6494060447054968 -84.01401029439101 -2.793404011406814
3.0 x 83 0.5527107724233974 0.650855601651217 -84.01401029439101 -3.2738296396045428
3.0 46 84 0.5498433526056778 0.6480052465440035 -83.60692412033231 0.40020293105808236
3.0 x 85 0.5439658691662246 0.6414508160564344 -83.60692412033231 -1.7358969329495295
3.0 47 86 0.5456083533816224 0.643160486704082 -82.58156098660795 1.0259959153689593
3.0 48 87 0.5434890670253659 0.6408728781657409 -82.28756918364142 0.29673950509027947
3.0 x 88 0.5442728584530759 0.6417990421673098 -82.28756918364142 -2.7875453059918414
3.0 49 89 0.5395638378016322 0.6364397188896789 -80.33531523301421 1.8571395316561379
3.0 50 90 0.5304499175916687 0.6262316552035827 -77.9784210425376 2.2450151322567606
3.0 51 91 0.5310603201797758 0.6265165242221605 -78.36537118922433 -0.2955552355658
3.0 x 92 0.5380137638295543 0.634017599853974 -78.36537118922433 -1.9170324377302634
3.0 x 93 0.5282799671489309 0.6232849496474712 -78.36537118922433 -2.5493927159410745
3.0 x 94 0.5342796618157319 0.6301703197517972 -78.36537118922433 -13.649364757780575
3.0 52 95 0.5224305721295467 0.616577466794617 -76.6048760658922 1.6131671589307288
3.0 53 96 0.5251097292439819 0.6197035218399872 -77.68672590790885 -1.185542459165788
3.0 54 97 0.5197686885615824 0.6137384785759212 -76.23702987821 1.754558031283075
3.0 55 98 0.5051603000042311 0.5976576215292801 -73.36581900586623 2.9218767780308
3.0 x 99 0.5135180567451292 0.6070769056943148 -73.36581900586623 -5.8372706684799525
3.0 x 100 0.5143999732674227 0.6080234350783047 -73.36581900586623 -2.614330191921951
3.0 56 101 0.5051143052417382 0.5975692141279556 -73.11491987938844 0.1361643165021249
3.0 x 102 0.5035827261941919 0.5959056007180705 -73.11491987938844 -1.0847412899968774
3.0 57 103 0.5041885346720347 0.5967211617398674 -73.02809224775545 0.04083698926694268
3.0 x 104 0.5031923951907356 0.5956937756650805 -73.02809224775545 -4.360841592269793
3.0 58 105 0.4995306191733493 0.5915239759674947 -72.00857945173455 1.1169926453071497
3.0 59 106 0.48955346732635435 0.580217301262249 -70.06419831342978 2.021527231915897
3.0 x 107 0.48609513609725696 0.5762408019522756 -70.06419831342978 -1.1228312433126533
3.0 60 108 0.47862933450748163 0.5677730239344595 -70.65793962190011 -0.27700882292776896
3.0 61 109 0.47773145796857447 0.5668404943564678 -70.28263039123283 0.3816233715327755
3.0 62 110 0.4827551682802052 0.572680279732311 -70.55375779016816 -0.3305966951076371
3.0 63 111 0.48321112597625504 0.5733190218398023 -69.70983368765776 0.7651874896777073
3.0 x 112 0.4874252826288515 0.5780366215459992 -69.70983368765776 -5.799151356171379
3.0 64 113 0.4794959407659609 0.5691227777150938 -69.26529969626203 0.48379541200766596
3.0 65 114 0.4805520054783734 0.570030056492314 -68.35395051567576 0.5900167284062903
3.0 x 115 0.49012579320099536 0.5809749191996363 -68.35395051567576 -4.652441854695141
3.0 x 116 0.49144573474335645 0.5824568808891599 -68.35395051567576 -1.9763477217821759
3.0 66 117 0.4737788872984753 0.56242551425285 -67.96478825758439 0.28664459410106247
3.0 67 118 0.4785070976344049 0.567739271043226 -69.38802418970975 -1.4931503924414642
3.0 x 119 0.4823001521271262 0.5719240444793101 -69.38802418970975 -1.9946472466566192
3.0 68 120 0.47874648822260574 0.5680060196299361 -67.81963350015319 1.8814475366109136
3.0 69 121 0.5486959897228061 0.64679569194052 -88.85048794509915 78.10468457638625
3.0 70 122 0.5547437585358752 0.6532816188841672 -89.71408902649794 -0.8991802305089109
3.0 x 123 0.5519698778709502 0.6500229099154123 -89.71408902649794 -1.9685309331879068
3.0 71 124 0.556878675293908 0.6554697293597319 -91.25815273188908 -1.516964593614091
3.0 x 125 0.5531911574630993 0.6512595591211434 -91.25815273188908 -24.40996523409128
3.0 72 126 0.5598935432975107 0.6588745339276435 -84.39435841514161 6.51770224649956
3.0 x 127 0.5681712789458578 0.6679531159001798 -84.39435841514161 -3.798943894138752
3.0 73 128 0.5569014664074032 0.655815022182728 -83.44391937459483 0.9294322091900185
3.0 74 129 0.5547083427907848 0.6532186837793342 -83.34223650256189 0.13796315063475362
3.0 75 130 0.5543275655776665 0.6526820975755434 -83.12856795676993 0.2034370386070492
3.0 x 131 0.5446633654231757 0.6420562590370191 -83.12856795676993 -12.376610323985737
3.0 76 132 0.551123082603763 0.6494996534788771 -86.08049972602892 -2.7336505597430403
3.0 77 133 0.556094260962253 0.6551895136327345 -85.78257114419618 0.22338956028747958
3.0 x 134 0.5640647070896154 0.6637594470767246 -85.78257114419618 -5.253675047375339
3.0 78 135 0.5596535487264446 0.6588489720594988 -83.29127025110357 2.1400484924661853
3.0 x 136 0.5621397311113784 0.6615388603217535 -83.29127025110357 -0.7094829258896382
3.0 79 137 0.5626361369075045 0.6619883728582608 -83.82319401173491 -0.5531351394945787
3.0 x 138 0.5708278093436706 0.6708801745624128 -83.82319401173491 -1.4493056685678596
3.0 80 139 0.5598049357767991 0.6587007945280181 -83.31804081916458 0.5271646535196979
3.0 81 140 0.553626620714883 0.6519854865750883 -82.2880098665741 1.0960882538556973
3.0 82 141 0.5599733517815135 0.6590459202322433 -83.37013213980468 -1.1862826182318997
3.0 83 142 0.5563822801277248 0.6548706421084873 -82.74232049415895 0.7103726566178281
3.0 x 143 0.5614580005803619 0.66062279282427 -82.74232049415895 -2.057978488477879
3.0 x 144 0.5625441648556166 0.6615074743785884 -82.74232049415895 -1.7762992018764052
3.0 84 145 0.5524688268267771 0.6507567466418542 -82.50039097047149 0.35672549081662197
3.0 85 146 0.5508706249580761 0.649204868647616 -81.72030570288995 0.6356637242628906
3.0 86 147 0.5505943082317657 0.6489993662129243 -81.74274680941369 0.0376663351435127
3.0 87 148 0.5560949621502164 0.6550300456254368 -82.71973783218347 -1.0901716925965772
3.0 88 149 0.557231654250028 0.6561685215737911 -83.11065234250601 -0.2450735010608227
3.0 x 150 0.5563125298887412 0.6553498215652308 -83.11065234250601 -2.4859459299380475
3.0 89 151 0.5490436042614738 0.6472338855734273 -82.0285127346488 1.1715771648660862
3.0 90 152 0.5467263702204815 0.6443845591160065 -81.02348590567549 0.814861795336256
3.0 91 153 0.5432887632772352 0.6405349560435466 -80.40407513423663 0.6237648221800995
3.0 92 154 0.5444794547820837 0.6421114436142701 -80.79711037030543 -0.2579717628592775
3.0 x 155 0.5539030605568537 0.6524287067101013 -80.79711037030543 -4.798047815185392
3.0 x 156 0.544146985222215 0.6418495342897467 -80.79711037030543 -1.0003346251290068
3.0 x 157 0.5424270068915032 0.640022529051483 -80.79711037030543 -0.2284579520891441
3.0 93 158 0.5437920525545291 0.6415792819736549 -80.5109392575011 0.1362849774923447
3.0 94 159 0.5390118878590235 0.6362389406121888 -80.02344928172768 0.7066600921127204
3.0 x 160 0.5382360192847236 0.6354912019358926 -80.02344928172768 -2.1758655155583284
3.0 95 161 0.5508287399098986 0.6492553895915657 -85.87390871408297 414.622584161802
3.0 96 162 0.5509752158763749 0.6494441260354219 -84.02007670705774 1.760168730189946
3.0 97 163 0.5536910101405226 0.6523435762610255 -82.3588316338715 1.4442950156176622
3.0 98 164 0.5553365606313625 0.653834304546534 -82.52391927066189 -0.25556988063969754
3.0 x 165 0.5545958667480447 0.6530696330640958 -82.52391927066189 -1.015226796009216
3.0 99 166 0.5549326375629652 0.653249008846021 -83.02493248071707 -0.3376992436671671
3.0 100 167 0.5553132292871737 0.6539857566052434 -82.97789027073215 -0.23819165770957795
3.0 x 168 0.5531101417376715 0.6514117912980785 -82.97789027073215 -1.6672577199844483
3.0 101 169 0.5499497692721712 0.6483142424177218 -82.78517401433253 0.11855310324094148
3.0 102 170 0.5490019920751947 0.6470824404997966 -81.42867444328341 1.5532362567762803
3.0 103 171 0.5585962824252457 0.6573653681571765 -83.11257815453274 -1.6514454507686622
3.0 104 172 0.5571529757840582 0.6557580621563642 -83.22720049053241 -0.006170315024320416
3.0 105 173 0.5546332274839832 0.6529172071256564 -82.39891983305385 0.7297176116976871
3.0 106 174 0.5534990457014195 0.6516554671662139 -82.1968512458592 0.21673502971412262
3.0 x 175 0.5488013842371976 0.6467886105159182 -82.1968512458592 -0.5815667654984722
3.0 107 176 0.5502736927018262 0.6482189738715518 -81.65065965993789 0.5052874629941684
3.0 x 177 0.5427016469082158 0.639820300389969 -81.65065965993789 -1.8111565365670046
3.0 x 178 0.5453956621904846 0.6427402290042487 -81.65065965993789 -4.020944743577559
3.0 108 179 0.542218324971199 0.6397718331727621 -80.38322966912956 1.2441054493350592
3.0 109 180 0.5374719672067554 0.6346088466533952 -79.34989709203508 1.0888792194869126
3.0 110 181 0.5417995646679368 0.639344302510196 -80.55692087740432 -1.3116237256310797
3.0 x 182 0.5412871910733221 0.6388036308190402 -80.55692087740432 -8.554352835243158
3.0 111 183 0.5379993652073658 0.635224399979088 -79.43872057225765 1.2176714894067615
3.0 112 184 0.5373649960257639 0.6346967636055166 -79.25417545561949 0.24308787716648794
3.0 113 185 0.5335384258448741 0.630452640408117 -78.83089512044504 0.3219593399252645
3.0 x 186 0.528996632693303 0.6254649902062134 -78.83089512044504 -1.8068020590933216
3.0 114 187 0.5363663116497472 0.6335293393641113 -79.63227907559981 -0.8514163515306379
3.0 115 188 0.5400211966768386 0.6376555425211876 -80.04107721948778 -0.39325310561361704
3.0 x 189 0.5511851719134546 0.649760538583212 -80.04107721948778 -2.3445408631488576
3.0 116 190 0.5346451786230125 0.6314675364503974 -80.26710505210188 -0.35720306096830967
3.0 x 191 0.5388973164409113 0.6362109626342107 -80.26710505210188 -1.338603457298717
3.0 x 192 0.5351506523495835 0.6321020516479696 -80.26710505210188 -3.003769429198748
3.0 117 193 0.5287869932347575 0.6248831073563894 -81.60024607842146 -1.4852717415086119
3.0 x 194 0.5313239759418502 0.6278394229468899 -81.60024607842146 -1.4285432236400126
3.0 x 195 0.5214858953721001 0.6168009938934709 -81.60024607842146 -1.1073617905299926
3.0 118 196 0.5246734490717697 0.6205352425637195 -77.00574164089078 4.964991066844917
3.0 x 197 0.516749840760064 0.6115859986325548 -77.00574164089078 -1.4713603867168388
3.0 x 198 0.5212869936212594 0.6167516782344069 -77.00574164089078 -1.2403801252454514
3.0 x 199 0.5359028247172998 0.6329967736126282 -77.00574164089078 -2.7026979885638127
3.0 119 200 0.5292568246423988 0.6259517336832457 -80.7853380203305 -3.3989664031162548
3.0 120 201 0.5508025507366877 0.6493705679604515 -82.40785608348914 42.41240990624292
3.0 121 202 0.5473841666577193 0.6457553261482976 -81.3993559347597 0.9753372913848679
3.0 x 203 0.5465023875128043 0.6446279941461525 -81.3993559347597 -0.6624975363665158
3.0 122 204 0.5476916765310208 0.6461435499077366 -82.04724002970164 -0.9653172803871684
3.0 123 205 0.5480774643995825 0.6465709515793949 -82.4145184389293 -0.4041145340579533
3.0 124 206 0.5394968790834448 0.6373305477770014 -79.76013360839768 2.8509608162041644
3.0 125 207 0.5444412510746409 0.6427607118205964 -80.60296850271835 -0.7447334380104422
3.0 126 208 0.5455007048481232 0.6438279593961782 -80.82980961980944 -0.21252709059288577
3.0 127 209 0.5452884720791076 0.6436678510706367 -81.46993806238562 -0.5221228425776729
3.0 x 210 0.5420043116435214 0.6401627669955853 -81.46993806238562 -1.3072749093715714
3.0 128 211 0.5387831820621467 0.6364243869392116 -80.1307046034655 1.3468054373644378
3.0 x 212 0.5363478013566444 0.6335979088635999 -80.1307046034655 -0.4031181352962818
3.0 129 213 0.5279406333890867 0.6244627409897585 -78.71335190481369 1.5198811789266742
3.0 x 214 0.5297609829872808 0.626424662299233 -78.71335190481369 -2.299812446732993
3.0 130 215 0.524292926082948 0.6203640502176082 -76.89387307845739 1.5664013862606083
3.0 131 216 0.5239118500153742 0.62019575776758 -77.23104486604642 -0.4193454434838557
3.0 132 217 0.5294929347067288 0.6265012274339091 -78.19984905373404 -0.9793902523569074
3.0 x 218 0.5341483277911515 0.6317642105681429 -78.19984905373404 -1.0911765590146985
3.0 133 219 0.529879896139613 0.6268809076572837 -78.12152756204665 0.11418160569792946
3.0 134 220 0.5311415190422314 0.6284407387588706 -78.10403425766745 0.13332689654541952
3.0 135 221 0.5259683035755804 0.6227084593388124 -77.18845977855966 0.8688099907466338
3.0 136 222 0.5234800100490756 0.6197174810597545 -77.62366851352188 -0.18088875481569033
3.0 137 223 0.5240068730997771 0.6206024448784034 -78.07712676765023 -0.8932498877792128
3.0 x 224 0.5241177000363083 0.6208224094911506 -78.07712676765023 -3.598871417535456
3.0 138 225 0.5293602185735182 0.626482688411534 -78.92542086237314 -0.42146342056181396
3.0 x 226 0.5253310315041638 0.6217828376312315 -78.92542086237314 -0.515639371898331
3.0 139 227 0.527730622391333 0.6247405898715046 -80.37071743759317 -1.339646577022286
3.0 140 228 0.5275491361633763 0.6246138490914793 -78.67798941236826 1.5857569558613704
3.0 x 229 0.5308431045638958 0.6281663759477709 -78.67798941236826 -1.7600904670098672
3.0 141 230 0.5237591463550785 0.620384652453971 -80.71249153197031 -1.861421403185922
3.0 142 231 0.5141290485283304 0.6096605416080267 -75.22083920919134 5.260097186175045
3.0 143 232 0.5078630622231901 0.6027672735431168 -74.83813928043081 0.4912760301927577
3.0 x 233 0.5117646933029115 0.6071753070685255 -74.83813928043081 -6.32054136516539
3.0 144 234 0.5093219307015244 0.6043233790106796 -75.00326822120503 -0.1796686274459418
3.0 145 235 0.5075113270389109 0.6022697201610704 -76.20837218207201 -1.0848357747764013
3.0 x 236 0.5094003617642605 0.6044249337310225 -76.20837218207201 -3.1778012743294894
3.0 146 237 0.5026823953302432 0.5969044312280052 -73.4747141546329 2.6157043765515624
3.0 147 238 0.5035862422564338 0.5979633891173508 -72.93352281870285 0.4363610093235195
3.0 148 239 0.4943966642210715 0.5872569608826481 -71.55513222830774 1.4883500814693704
3.0 149 240 0.49664245524449596 0.5899344985663957 -71.42629836936742 -0.0318383755718088
3.0 150 241 0.5485794102187806 0.6467738634279662 -81.30640888026507 85.25767441978738
3.0 151 242 0.5470547075401632 0.6452110167946619 -83.02480678574845 -2.013095382638795
3.0 152 243 0.5511560415715303 0.6501858281134771 -82.88877242356403 0.19190336023984145
3.0 153 244 0.5554002871665963 0.6546872577376737 -82.77598452543974 0.41717477994951224
3.0 154 245 0.5564197706506582 0.6556579048971009 -82.86068471116381 -0.25723477075334955
3.0 x 246 0.5582533937928338 0.657594763789203 -82.86068471116381 -2.136058112303729
3.0 x 247 0.5585989856520738 0.6583812961166405 -82.86068471116381 -1.979973358353483
3.0 155 248 0.5534939193355402 0.6524112539116367 -82.2040452940178 0.7623461468741937
3.0 156 249 0.5445163707921711 0.642640839077751 -81.58652719191672 0.8256420808616269
3.0 157 250 0.5410345392237904 0.6390602859898308 -79.95362754759537 1.4870657009473405
3.0 x 251 0.5444178227753054 0.642812139927177 -79.95362754759537 -3.476211954968754
3.0 x 252 0.5349563991045702 0.6322563116481024 -79.95362754759537 -0.16761817954814262
3.0 158 253 0.5367973295544509 0.6339076525473313 -79.68996042603892 0.10201648378482275
3.0 159 254 0.5250610126511669 0.6209216593559004 -77.07399311804731 2.735204725044156
3.0 160 255 0.5278586893962708 0.6242899726248294 -77.51368606787155 -0.4137843318882872
3.0 161 256 0.5177336167446421 0.6129748650256404 -76.33544165717971 1.430897270083598
3.0 x 257 0.5215293690564524 0.6170393949594577 -76.33544165717971 -9.961727294379038
3.0 x 258 0.5215401489815462 0.6175466124146248 -76.33544165717971 -0.9075575943026664
3.0 162 259 0.5109045994468211 0.6053391388986517 -74.24392683130831 1.9333467249332585
3.0 163 260 0.5020053525632916 0.595242808891172 -73.46438086871869 0.6223881934966542
3.0 x 261 0.49858377873101156 0.5913544047651151 -73.46438086871869 -2.391301669136425
3.0 164 262 0.49443680707714305 0.5865367948882372 -72.2601269343272 1.207955440342829
3.0 165 263 0.5013754153126886 0.5941405450320266 -72.39852859821455 0.09405235904264231
3.0 x 264 0.5110025785918024 0.6048124115660792 -72.39852859821455 -3.819702449014372
3.0 166 265 0.4904100675363145 0.5817552292583386 -72.97742181085361 -0.24955651074444063
3.0 167 266 0.4864012646514914 0.576989234928242 -70.32995217407769 2.1462617412230998
3.0 168 267 0.4936340401718101 0.5854573228571813 -70.90089483303022 -0.3377274839814035
3.0 169 268 0.49666020095666247 0.588732475662883 -71.78125116503426 -0.836279272871721
3.0 x 269 0.5011898450686028 0.5938619086365368 -71.78125116503426 -5.084704551995301
3.0 170 270 0.49041287653466575 0.5817237002605044 -70.61333871517374 0.9283248205133674
3.0 x 271 0.4988356503773365 0.5910368761047833 -70.61333871517374 -1.197848220074846
3.0 171 272 0.49210005028750636 0.5835373666744584 -71.9468098943388 -1.4613373501799174
3.0 172 273 0.4851927535908766 0.57596165294757 -69.27352478675462 2.872879671052374
3.0 x 274 0.4922210592781631 0.5839911521195049 -69.27352478675462 -3.473733621985623
3.0 x 275 0.48206052641321023 0.5723907980187235 -69.27352478675462 -5.048752023856835
3.0 173 276 0.4793126082895853 0.5693445463962035 -68.9601733620135 0.21041089175625416
3.0 x 277 0.4760509512705648 0.5656236472618744 -68.9601733620135 -1.3056110229394378
3.0 x 278 0.47848625361438474 0.5682443768780122 -68.9601733620135 -4.862440892284617
3.0 x 279 0.48598930112923033 0.5768963792343356 -68.9601733620135 -1.098631979034728
3.0 174 280 0.4847707926892351 0.5756574493395774 -69.08458421055182 0.012823377897333899
3.0 175 281 0.5456111573876791 0.6435167834029575 -80.78543657605746 85.84193377537642
3.0 x 282 0.5512247158980126 0.6495200842362199 -80.78543657605746 -1.989682022014371
3.0 x 283 0.5343552474805613 0.6313830548673284 -80.78543657605746 -3.1796632114304586
3.0 x 284 0.5485342009909479 0.6468752959856897 -80.78543657605746 -0.5477341219138907
3.0 x 285 0.5470238474248726 0.6452139030759979 -80.78543657605746 -6.029393374371935
3.0 x 286 0.547497040928849 0.6456435391579884 -80.78543657605746 -0.4881597428148581
3.0 x 287 0.5478186486873938 0.6457224160611691 -80.78543657605746 -2.0746855050749957
3.0 176 288 0.5414206616132374 0.6386469994152315 -80.24333094157144 0.629441713740043
3.0 177 289 0.5475564973158529 0.6452596405765828 -82.23724480867612 -1.9103980862226635
3.0 178 290 0.5479003278004284 0.6453161180477537 -81.18382709533273 0.8403676692983595
3.0 179 291 0.549944119430831 0.647447513534596 -81.77565674542417 -0.5008985223566356
3.0 180 292 0.5480305042616057 0.6453413421402406 -81.91339923092316 -0.0546265222732103
3.0 181 293 0.5477315582720061 0.6450832375390616 -81.44520390151273 0.18757185067735804
3.0 x 294 0.5562421916913884 0.6545452816658058 -81.44520390151273 -1.165254505002025
3.0 182 295 0.5398326350196687 0.6365308397385141 -80.14017551913285 1.3037115807593693
3.0 183 296 0.5418181894559377 0.6384265267995329 -80.53425313972812 -0.1329684379617717
3.0 184 297 0.534461944140781 0.6305035837219934 -80.26751370301753 0.39481496007948635
3.0 x 298 0.5314013006427558 0.6271035557073843 -80.26751370301753 -1.3480788655872118
3.0 x 299 0.5273831476170716 0.6228903062404991 -80.26751370301753 -1.3062315585753765
3.0 x 300 0.5352795181446249 0.631157326579944 -80.26751370301753 -3.4429424256839027
3.0 185 301 0.530741224361458 0.6263091316264062 -79.4409904133518 0.34394948478498577
3.0 186 302 0.5292153686470943 0.6245687878214653 -78.45776625791336 1.0581038820836497
3.0 x 303 0.5406269510089425 0.6369787055114375 -78.45776625791336 -3.232671872796459
3.0 187 304 0.5268238917835901 0.6216559847623985 -77.80773057675718 0.6958795815164436
3.0 188 305 0.5246532582910831 0.6192751636456925 -77.5357805616592 0.25629786513439257
3.0 x 306 0.5132612950452301 0.6068317812779406 -77.5357805616592 -1.033474793670095
3.0 x 307 0.523811712595024 0.6181076162414644 -77.5357805616592 -1.7766368584202326
3.0 x 308 0.5326864951465077 0.6280953598436576 -77.5357805616592 -1.430467293654388
3.0 189 309 0.524894670903725 0.6194113812069204 -77.00955744442639 0.6343038431209891
3.0 190 310 0.5230720090904113 0.617362549412859 -77.13594697919443 0.0854523815705619
3.0 x 311 0.5291074220352842 0.6241254608983332 -77.13594697919443 -0.8056891029265074
3.0 x 312 0.5293878123481758 0.6241382959371916 -77.13594697919443 -4.14706352807287
3.0 191 313 0.5228587969961406 0.617399442862774 -77.06556882924174 0.06858984221057796
3.0 x 314 0.5255984775752773 0.620308358374024 -77.06556882924174 -0.55024740554218
3.0 192 315 0.5270742718454781 0.6217941480841458 -77.41027948747143 -0.4485304718734966
3.0 193 316 0.525037104726316 0.619648130483141 -77.29317588638068 0.17857035089792106
3.0 x 317 0.5288933452292509 0.6239942508327588 -77.29317588638068 -1.9793302172976794
3.0 x 318 0.5313919457884944 0.6268477770794174 -77.29317588638068 -1.1849422992714551
3.0 194 319 0.5199318599006284 0.6141371103363451 -77.8692967391588 -0.4058684478707235
3.0 x 320 0.5203747140790228 0.6146833797144464 -77.8692967391588 -3.9988802872994853
3.0 195 321 0.5517061931193592 0.6500773705590908 -84.9238816184531 81.8079766242301
3.0 x 322 0.5544758027096977 0.6532439371986053 -84.9238816184531 -4.7014735376790995
3.0 196 323 0.555312801890849 0.6541010349772258 -85.2185948175988 -0.3306856806339056
3.0 197 324 0.5534098760492528 0.6519819980523338 -85.54537535610586 -0.28613878983480845
3.0 198 325 0.5543658485052595 0.6527169654535229 -82.66433057807349 2.637717118943719
3.0 x 326 0.5567682975565708 0.6550966648629174 -82.66433057807349 -2.0904889970761857
3.0 199 327 0.5538205044277161 0.6522900755713831 -82.32964880187633 0.28507278564091365
3.0 200 328 0.5514698884509432 0.6498730660889094 -81.84541882425007 0.4073088710820798
3.0 201 329 0.5519884546972565 0.6502827472066353 -81.99842441558322 -0.18469440697861472
3.0 x 330 0.5484266111618443 0.6466793378907922 -81.99842441558322 -1.430789285818662
3.0 x 331 0.5574625772042119 0.6561319200822178 -81.99842441558322 -0.9040427321917193
3.0 202 332 0.5471419672077782 0.644866855597958 -81.06363675463605 1.0414964083202278
3.0 x 333 0.5426386576074925 0.6400324096974684 -81.06363675463605 -4.883525787550646
3.0 x 334 0.5448389179759382 0.6425087948622569 -81.06363675463605 -1.458887661201814
3.0 x 335 0.5437038165170237 0.641149298526589 -81.06363675463605 -0.13175152979219718
3.0 203 336 0.5416205382655508 0.6388796867731936 -80.16372802567584 0.9601481458195522
3.0 204 337 0.5344341119026687 0.6309916663531093 -78.77906151542409 1.3986078620791034
3.0 x 338 0.5417872151806448 0.6390173113925453 -78.77906151542409 -1.3950923309803969
3.0 205 339 0.5397511178896427 0.6365872264777471 -79.69428609159668 -0.9863176880666771
3.0 206 340 0.5406992543710328 0.6377807763588297 -80.03249222409097 -0.25780331185806915
3.0 x 341 0.5376109367252125 0.6340518474009774 -80.03249222409097 -1.0686503624347878
3.0 x 342 0.5476921929289383 0.6452375521395809 -80.03249222409097 -3.2194155408851017
3.0 x 343 0.5403587708446104 0.637633763267051 -80.03249222409097 -3.0935649054372476
3.0 207 344 0.5376670581381501 0.6346371139384576 -79.33719846497182 0.5950889618164297
3.0 208 345 0.5305890306148776 0.6266841461015517 -78.80980047885276 0.4019447023468672
3.0 x 346 0.5307898885849238 0.626866011041677 -78.80980047885276 -2.172818728045904
3.0 209 347 0.532447153850595 0.6285911801223654 -78.45973347386929 0.4691489854237645
3.0 x 348 0.5306040866025126 0.6265731226041001 -78.45973347386929 -1.7662477600995885
3.0 210 349 0.5351266394891426 0.6316507324262266 -78.91374590251759 -0.3487491352774015
3.0 x 350 0.5263455553168378 0.622086458060201 -78.91374590251759 -0.045111163246296826
3.0 x 351 0.5331705826912082 0.6292615793729577 -78.91374590251759 -1.134039214215882
3.0 x 352 0.5359975189551228 0.6325027275385329 -78.91374590251759 -0.1668136965659599
3.0 x 353 0.5381496889518854 0.6350920403038341 -78.91374590251759 -0.5710682848050865
3.0 211 354 0.5310476662548335 0.6272548671521082 -78.10331239996391 0.7968452978349063
3.0 x 355 0.5270006501725655 0.6228924879740616 -78.10331239996391 -1.4948331982996947
3.0 x 356 0.5309373025398528 0.627159074934189 -78.10331239996391 -2.3560065228237477
3.0 x 357 0.5347346288040332 0.6312621184282959 -78.10331239996391 -2.75068347275991
3.0 x 358 0.5404410746164691 0.6377429888989682 -78.10331239996391 -4.7393362152170155
3.0 x 359 0.5314369316744083 0.6277971175740987 -78.10331239996391 -1.3826345122453603
3.0 212 360 0.5219195204544995 0.6174713270380651 -76.57914561690897 1.434919413833434
3.0 213 361 0.5481174640234346 0.6461863414806782 -82.12470496869373 418.34058388566484
3.0 x 362 0.5522313559602124 0.650763398258623 -82.12470496869373 -1.1857956946761306
3.0 214 363 0.5465711401716512 0.6447359373149902 -81.0666750624261 0.9441596146881537
3.0 x 364 0.5487035003050217 0.6472532421505561 -81.0666750624261 -2.5878883118419225
3.0 215 365 0.5408863643130556 0.6385983565532065 -80.32510303431489 0.5579574977528452
3.0 x 366 0.5502664678268924 0.6488688456366695 -80.32510303431489 -7.939512830806542
3.0 216 367 0.5402272051944679 0.6379757317275955 -80.21788814573058 0.09206740542432357
3.0 x 368 0.543931021781612 0.6420576189310919 -80.21788814573058 -1.6208227114290992
3.0 217 369 0.5374081356752216 0.6348029036682605 -81.16950984491397 -1.08629946596443
3.0 x 370 0.5318502351908906 0.6288259947743738 -81.16950984491397 -4.706352940932703
3.0 x 371 0.5397665756673657 0.6372818056388391 -81.16950984491397 -6.127265460035872
3.0 218 372 0.5396394705728668 0.6369816714680543 -79.6744854536152 1.7766138877526458
3.0 219 373 0.5355650730182356 0.6324532905041075 -78.92152151336056 0.7697855801877225
3.0 x 374 0.5430920904984371 0.6406876372285439 -78.92152151336056 -1.4613980890556846
3.0 x 375 0.5315764709073423 0.6280642810927607 -78.92152151336056 -1.4632914719097343
3.0 220 376 0.5307378812477034 0.6269007734536831 -79.252541236596 -0.08654211033314141
3.0 221 377 0.5412401439480891 0.6384149005654448 -80.69066074562049 -1.8593973371441308
3.0 222 378 0.5348654319642693 0.6315785890116226 -79.14524773347638 1.6322742480876187
3.0 223 379 0.5358026333295575 0.6325841768417545 -79.72161035105795 -0.6260053330114417
3.0 224 380 0.5325319565097614 0.6288622088937738 -78.86283153531734 1.1933508442908547
3.0 225 381 0.5331198683468066 0.6296786869039592 -78.97391459910101 -0.11651418883409548
3.0 226 382 0.5303581442630552 0.6264888092204999 -78.49209959602501 0.4981150507274634
3.0 227 383 0.5285865205589045 0.6244794201750766 -77.66525629522577 0.7305387407761188
3.0 228 384 0.5260122435225262 0.6218349404485226 -77.13663045210028 0.49476716851722813
3.0 x 385 0.5312766693009435 0.6275781037998038 -77.13663045210028 -2.5849759826122494
3.0 229 386 0.5328963592706305 0.6292510403393625 -79.31198936775154 -2.4119096304904986
3.0 230 387 0.5307065221496161 0.6270131754374622 -80.08480508016841 -0.8793402591268631
3.0 231 388 0.5253396962452778 0.6210754985973452 -80.45916033363919 -0.4466592842016297
3.0 232 389 0.5288523681728652 0.6252435394140317 -79.10587835001387 1.485566756068046
3.0 x 390 0.5315957575944991 0.6283642621855524 -79.10587835001387 -1.4914925609050584
3.0 233 391 0.5253053455923067 0.6213797294135777 -78.2834032562597 0.851429201190264
3.0 234 392 0.5286625112152926 0.6252630095315813 -79.67309365517768 -1.4684062041683248
3.0 235 393 0.5230182423400482 0.6189933002886967 -77.93076148615697 1.819582970803964
3.0 x 394 0.5191599344648813 0.6147242931568743 -77.93076148615697 -2.4770600386299506
3.0 x 395 0.5270760683266675 0.6234755101583588 -77.93076148615697 -1.4851030559559035
3.0 236 396 0.5304184193122193 0.6273044856373957 -77.97581229314909 0.19606125142650654
3.0 x 397 0.5331014849688437 0.6306757101730915 -77.97581229314909 -0.6872448178990425
3.0 237 398 0.5284803190812686 0.6251797916934962 -77.80003599849442 0.06643286341638088
