8.0 x 0 0.5377838964067219 0.6349254079475675 -62.53644211958975 -22.96998317584498
8.0 1 1 0.5521417532299063 0.6505864202488267 -65.12663864025177 -2.5647978763352697
8.0 2 2 0.5490410051017457 0.6471971274767085 -60.94388592286005 4.132015781745757
8.0 3 3 0.5477364101576716 0.6457727545059487 -45.989174783603914 14.633823585808635
8.0 x 4 0.5461561744249491 0.6437909311637207 -45.989174783603914 -28.909710230439387
8.0 4 5 0.5433685515474372 0.6407207448480227 -44.7155708460937 1.2654769175847633
8.0 5 6 0.5403810032230966 0.6376015503629339 -40.20503757447914 4.383062797187385
8.0 6 7 0.5305006502382013 0.6264462374196285 -36.402984069376075 3.7111275923469904
8.0 7 8 0.5307266755627202 0.6266100255442061 -33.32967228634401 2.9083446831779938
8.0 8 9 0.524831456961889 0.6202857975361314 -29.33319553706415 3.6366669325127887
8.0 x 10 0.5244137435059476 0.6198142144501699 -29.33319553706415 -0.24863238832315204
8.0 x 11 0.5313160107611837 0.6275411839105001 -29.33319553706415 -4.296385347071151
8.0 9 12 0.5163086424108807 0.610608573615544 -29.21866783518516 0.2322820737718132
8.0 x 13 0.5207380292859145 0.6154396739883584 -29.21866783518516 -1.0515054034561935
8.0 x 14 0.5228224147709695 0.6174289807450388 -29.21866783518516 -0.245233338724951
8.0 x 15 0.5261314661573585 0.6216140270015595 -29.21866783518516 -4.182395175719208
8.0 10 16 0.5139372819722403 0.6080802262878354 -29.942602726222052 -0.6023080135502816
8.0 x 17 0.5028559485563335 0.5957345442502484 -29.942602726222052 -1.0007898836526614
8.0 x 18 0.5129791431247878 0.6069647622026726 -29.942602726222052 -1.6258248251574265
8.0 11 19 0.5110638869260512 0.6046914018560762 -28.417062577427746 0.8590661422710966
8.0 x 20 0.5017835444142474 0.5942889186932225 -28.417062577427746 -0.2789496853620044
8.0 12 21 0.5069908412767579 0.6000436334499852 -29.49936654570698 -1.3069526694189832
8.0 13 22 0.5076621580832855 0.6006165655214764 -29.5037309786461 -0.004154352834170538
8.0 14 23 0.5103486399191122 0.6034400422114927 -28.47678244796945 1.2272491470910616
8.0 15 24 0.5106008418238692 0.6036088717005366 -28.94714611379939 0.14761375928564036
8.0 x 25 0.5097342162465066 0.6029665034245485 -28.94714611379939 -1.4468107334147042
8.0 16 26 0.5097593728837263 0.6028028243841523 -27.905917135961083 0.8485002261616046
8.0 17 27 0.5049131912507505 0.5975785671252978 -27.846455833601404 0.16876106874323682
8.0 x 28 0.5126681716564478 0.6061075452203338 -27.846455833601404 -1.064116739742957
8.0 x 29 0.5025674718724508 0.5950421624427009 -27.846455833601404 -3.070994831453234
8.0 x 30 0.5117143502836202 0.6050941699648628 -27.846455833601404 -0.45108724092961694
8.0 x 31 0.49858353955826556 0.5903223384697807 -27.846455833601404 -3.5206560536502565
8.0 x 32 0.5088111973763665 0.6018542034069126 -27.846455833601404 -1.3200227645368656
8.0 x 33 0.5115601404839192 0.6050904775186672 -27.846455833601404 -2.5566321709855373
8.0 18 34 0.5099718074921334 0.603252689884396 -28.816647904493845 -0.8833944179216751
8.0 19 35 0.5148089454887841 0.6085123610522648 -28.1364253575611 0.3089370136152034
8.0 x 36 0.5203933250216549 0.6144957267778491 -28.1364253575611 -1.6854624054305773
8.0 20 37 0.5145572878185863 0.6079154541889564 -28.673950866607527 -0.25382293542907064
8.0 21 38 0.514852426959491 0.6082981335423198 -28.667404645584774 0.0014243297802423172
8.0 22 39 0.5152457321151429 0.6086941619732646 -28.230860672405832 0.28510764359145213
8.0 23 40 0.5143946363696191 0.6077369536749363 -28.182713819030454 -0.1432311622443052
8.0 24 41 0.5529029574157359 0.6515198526575253 -32.084132926415045 30.734306459633615
8.0 25 42 0.5494109268415011 0.6473726865964893 -30.570012978046318 1.2224038536433035
8.0 x 43 0.5495120600524517 0.6473163231221436 -30.570012978046318 -0.622449110340412
8.0 x 44 0.5554042337957739 0.6539408623567996 -30.570012978046318 -3.9322970879577532
8.0 26 45 0.5526410310070059 0.650796184930371 -30.93915144799961 -0.5659877344868889
8.0 27 46 0.5588390045723757 0.6576203806432889 -31.296000608842267 -0.1364365415333353
8.0 28 47 0.558500682459476 0.6573088315457922 -31.34686169594938 -0.31008923156101886
8.0 29 48 0.5547651870384033 0.6529819643514975 -30.948269152118993 0.6293095571486127
8.0 x 49 0.5552796411486942 0.653699599615887 -30.948269152118993 -1.5421494638291158
8.0 30 50 0.5548216019561377 0.6526400634780212 -31.133874559957984 -0.10996268540069565
8.0 x 51 0.5614283467881441 0.660036289151221 -31.133874559957984 -1.2397182755155178
8.0 31 52 0.5583060582745409 0.6565238036154246 -31.37844735240078 -0.5783972462637621
8.0 32 53 0.5532806624777252 0.650907578147659 -30.84755441204126 0.6383259816138747
8.0 33 54 0.5570152130657252 0.6550234119894435 -31.110735173954705 -0.1412040119769884
8.0 34 55 0.5565916553429511 0.6542397799621089 -31.83326155510486 -0.5208298941896459
8.0 35 56 0.5538404063685329 0.6515083181724126 -31.217570377887192 0.5421937739640192
8.0 36 57 0.5476240576102618 0.6449546538555124 -30.813382790069895 0.020119880533421508
8.0 37 58 0.5450459328659838 0.6420437848347991 -30.5797581278053 0.2624050006388643
8.0 x 59 0.5396036792430253 0.636084190356663 -30.5797581278053 -1.6894689295745167
8.0 38 60 0.5442066058115596 0.6411946723400224 -30.252458254223367 0.6000878011830828
8.0 39 61 0.542028535783765 0.6385029167676308 -30.062531474984993 0.07143357550816987
8.0 x 62 0.5474251375816381 0.6447467936775019 -30.062531474984993 -1.7220533308843287
8.0 40 63 0.5436491350766592 0.6405483188011607 -30.45836615375427 -0.17949056104156824
8.0 41 64 0.5451599204985345 0.6422292454383599 -30.27586486901013 0.049602946571038586
8.0 42 65 0.544444344122606 0.6413585799801386 -30.599484922754982 -0.17419171365692776
8.0 43 66 0.5356310733989069 0.6315490624837867 -29.602089094410452 0.8536918658808261
8.0 x 67 0.5429883331279068 0.6398289782342832 -29.602089094410452 -4.931873732870805
8.0 44 68 0.5325108935604478 0.6282114592840858 -29.585586397995947 0.15344017425148593
8.0 45 69 0.528919403843072 0.6243785864907323 -29.169593911074934 0.22327740603617485
8.0 46 70 0.5268317977175793 0.6222098250776517 -29.072762121056627 0.07233439234801153
8.0 x 71 0.5105106349697041 0.6043340823087655 -29.072762121056627 -0.5074383249669978
8.0 x 72 0.5330105946745158 0.6290670336049917 -29.072762121056627 -0.9005700748430883
8.0 47 73 0.5192986444337574 0.6138633221053397 -29.045946196533347 0.3965640256093046
8.0 48 74 0.5204662400114827 0.6150911370591584 -29.87433945718768 -0.7217630959067272
8.0 49 75 0.5158973918651304 0.6099965543533307 -28.922837635729856 0.8785602569610163
8.0 x 76 0.5144468740938924 0.608627744679785 -28.922837635729856 -0.9822129077250672
8.0 50 77 0.5142842230901792 0.6080104849190829 -29.701551880042043 -0.6572554939229214
8.0 51 78 0.5144499444831979 0.608039402497888 -28.997932768776657 0.6134025519478037
8.0 52 79 0.5186984464377629 0.612553638057936 -28.415251004945326 0.2318515262026537
8.0 x 80 0.5184187130378948 0.6121074358622737 -28.415251004945326 -0.9728673274919188
8.0 53 81 0.5515930840245518 0.6498412993953298 -30.78256638548541 31.81100268098661
8.0 x 82 0.5512990701023424 0.6494060447054968 -30.78256638548541 -0.309405705001236
8.0 54 83 0.5527107724233974 0.650855601651217 -31.385538778281088 -0.45992205278158593
8.0 55 84 0.5509722871834185 0.6490345139512411 -31.238962519435873 0.13973097466017492
8.0 56 85 0.545082598165621 0.6424697773056883 -31.82304798959983 -0.41871415324492745
8.0 57 86 0.5406997212789652 0.6374545338285107 -31.372845101528732 0.4506030059745072
8.0 58 87 0.5385529931384018 0.6351306671243988 -31.27515152743024 0.10046004616456372
8.0 x 88 0.5393720883033589 0.6360957072220182 -31.27515152743024 -1.387216386919448
8.0 59 89 0.5345956127781992 0.630640244757509 -30.262323865173656 0.9178283025004248
8.0 60 90 0.5251667913388625 0.6200572413622624 -29.02187382635904 1.1284231308782324
8.0 x 91 0.5258743353104115 0.6204433060497413 -29.02187382635904 -0.24977983796941317
8.0 x 92 0.5324345444921637 0.6279272990196673 -29.02187382635904 -0.7546056208577241
8.0 61 93 0.5222487473280684 0.6166784711119633 -30.191744823757478 -0.9079804962394284
8.0 x 94 0.5255852905700209 0.6204802366906408 -30.191744823757478 -9.728554125776096
8.0 62 95 0.5133300653466157 0.6063692603597525 -28.392815972366733 1.6520324517485072
8.0 63 96 0.5161297156503099 0.6096480583210393 -28.311645843747385 -0.022578658597424806
8.0 64 97 0.510604898311223 0.603455378691038 -29.343780847556673 -0.7272900499739308
8.0 65 98 0.4955046446035498 0.586722053204098 -28.13789709742742 1.2568867643566364
8.0 x 99 0.5043525563662584 0.5967247967020464 -28.13789709742742 -4.411014466214887
8.0 x 100 0.5050469492155579 0.5974601690877154 -28.13789709742742 -1.7175460500727482
8.0 66 101 0.4956035631707754 0.5867891550187291 -27.350151962956346 0.6727132003721721
8.0 x 102 0.49409548697992467 0.585146314768769 -27.350151962956346 -1.9763478083712052
8.0 67 103 0.49496839915742397 0.5862553282475977 -27.084040170754772 0.22045056539793606
8.0 68 104 0.49400545534486967 0.5852624925972936 -26.854460913442775 -0.14390101853176418
8.0 69 105 0.4890822597928506 0.5797330424796651 -26.29365749354762 0.6579251461390889
8.0 70 106 0.4784686497166293 0.5676443145801566 -25.432150151537627 0.9383501617127123
8.0 71 107 0.47465692921304065 0.5632536259341089 -25.361347891456077 0.3108812214914849
8.0 72 108 0.4629456710233439 0.5498062420632043 -26.17419550452729 -0.4961663977743527
8.0 73 109 0.4620397037888039 0.5488563485080368 -25.999384854476386 0.18146206763161032
8.0 74 110 0.4675667878364157 0.555303154660594 -26.049232004185875 -0.1087590591859815
8.0 75 111 0.4680700932512981 0.5559802948444756 -25.54110598607983 0.4296732069396363
8.0 x 112 0.4724510995541134 0.5609231885444028 -25.54110598607983 -2.866498992216261
8.0 76 113 0.46427796095865664 0.5516427162278633 -25.42761430167694 0.1526344665500865
8.0 77 114 0.46517167673219834 0.5524017129836222 -24.34927889516968 0.7569278063743887
8.0 x 115 0.47537866776735427 0.5641524336924607 -24.34927889516968 -1.5523893634350259
8.0 x 116 0.47676925452042285 0.5657274422974037 -24.34927889516968 -1.0118302513444384
8.0 78 117 0.45841910463480834 0.544754956552395 -23.93461591766838 0.312271005454793
8.0 79 118 0.46336060338154406 0.5503564776406451 -24.42752040082479 -0.562564665571017
8.0 80 119 0.4673586221978393 0.5548120951524486 -25.028316503028698 -0.6927725532455327
8.0 81 120 0.4677921109814497 0.555296454098017 -24.5986725199921 0.7430008870584643
8.0 82 121 0.5486959897228061 0.64679569194052 -34.31253536294178 28.41972345638758
8.0 x 122 0.5547437585358752 0.6532816188841672 -34.31253536294178 -0.3429059438076152
8.0 x 123 0.5457467689917814 0.6433428077983337 -34.31253536294178 -0.8520856612153977
8.0 x 124 0.5507454332652503 0.6489104338450139 -34.31253536294178 -0.6359213512192312
8.0 x 125 0.544925635987854 0.6424705692137495 -34.31253536294178 -9.6866251989631
8.0 83 126 0.5518335320946312 0.6503485677987084 -31.327048417198647 2.6391657776406277
8.0 x 127 0.560484540380331 0.6598793062009523 -31.327048417198647 -1.5808525698626639
8.0 84 128 0.5487562877429897 0.6471811178899958 -30.913717494637694 0.3920496247407641
8.0 85 129 0.54642390800858 0.6444356500592917 -30.893627199807952 0.0565195788566939
8.0 86 130 0.5460932409685644 0.6439529855516682 -30.801732310132145 0.08170865967206709
8.0 x 131 0.53621220076521 0.6330350890470607 -30.801732310132145 -4.951039731506775
8.0 x 132 0.5428177638633038 0.6406765822526213 -30.801732310132145 -1.1291436658213243
8.0 87 133 0.5511960018825323 0.6498062919031938 -30.934473910967732 -0.20721589100705984
8.0 x 134 0.5593314066722522 0.6585771924144588 -30.934473910967732 -1.224625247782349
8.0 x 135 0.5548682088993812 0.6536038662943038 -30.934473910967732 -0.5913086545347817
8.0 88 136 0.5539131753962148 0.6527391420324924 -30.915022113093233 -0.07179588044806096
8.0 89 137 0.5570821808542212 0.6560835255509758 -31.113086734770047 -0.21984506812214732
8.0 90 138 0.5655597425561131 0.6653052498907284 -31.729863219382803 -0.6266231804692879
8.0 91 139 0.5628776065508913 0.6622196216574008 -31.58573531296255 0.16653632248601014
8.0 92 140 0.5566444190763946 0.6554660205589367 -31.32209382635644 0.329969784174331
8.0 93 141 0.5628580020683204 0.6623534563508395 -31.51917855563903 -0.30166445599897784
8.0 94 142 0.5593386996785494 0.6582600614401163 -31.445211853729095 0.15738430581434315
8.0 x 143 0.5644078356085461 0.663965193381081 -31.445211853729095 -0.4240058090794747
8.0 95 144 0.5654493443667779 0.6648297955231919 -31.626634783175096 -0.38121125151654667
8.0 96 145 0.5616705043510409 0.6608840969309834 -31.416415098951582 0.32504762131842924
8.0 97 146 0.5602104456818037 0.6594813470662714 -31.315958473591458 -0.04384081005220253
8.0 98 147 0.5598319128934264 0.6591572145715431 -31.24752109677306 0.12880483202988913
8.0 x 148 0.5649465640022717 0.664739756797428 -31.24752109677306 -0.5761642879546294
8.0 99 149 0.560737205541498 0.6600525017729836 -31.485858017446844 -0.09246821549916362
8.0 100 150 0.5598527722225385 0.6592779665675944 -32.71676547773012 -0.9969154430836937
8.0 101 151 0.5516915180180229 0.6504130288138413 -32.70059639897987 0.10623872893066277
8.0 102 152 0.5493869270341178 0.6476071604741241 -31.064072678777414 1.4466686241599405
8.0 103 153 0.545523206479059 0.6433162395328578 -30.77984437877377 0.28942601127400636
8.0 x 154 0.5466138600096253 0.6447612018019776 -30.77984437877377 -0.8752206436055694
8.0 x 155 0.5547495949863154 0.6534266892222113 -30.77984437877377 -2.4576954703972866
8.0 x 156 0.5451104778975673 0.6429520834546312 -30.77984437877377 -0.680791089037573
8.0 104 157 0.5433489350377144 0.6410905175328351 -30.142688723289393 0.3925904523135131
8.0 105 158 0.5426731663210671 0.6405789975670502 -30.384653961534955 -0.3911530610851983
8.0 106 159 0.5378316914496549 0.6351752505145813 -29.75287379692252 0.8504813032277454
8.0 107 160 0.5372019950273269 0.6345837516143771 -31.348135874780507 -2.052043966805421
8.0 108 161 0.5508287399098986 0.6492553895915657 -30.97398056945977 31.76096177881861
8.0 109 162 0.5509752158763749 0.6494441260354219 -31.362904889950862 -0.4825875973263791
8.0 x 163 0.5536910101405226 0.6523435762610255 -31.362904889950862 -1.7190102087319303
8.0 x 164 0.5526207658786687 0.6509411909375 -31.362904889950862 -0.624928391791844
8.0 x 165 0.5502986721896336 0.6487426584531735 -31.362904889950862 -1.2990817285491403
8.0 110 166 0.5505082543068368 0.6487973996852314 -30.776805788643532 0.7493324495320017
8.0 x 167 0.5510424894005785 0.6496975839714787 -30.776805788643532 -1.5977826963972497
8.0 x 168 0.5481125703382582 0.6460008693877679 -30.776805788643532 -0.7051346493912725
8.0 111 169 0.5449484903531039 0.6428894128654405 -30.68151514280779 0.021004213427556095
8.0 112 170 0.5439346919176122 0.6415907634357659 -30.18612494611804 0.6920835488691885
8.0 x 171 0.5538903993165977 0.6523034531294429 -30.18612494611804 -0.6367127464940623
8.0 113 172 0.5421914326726728 0.6396482246545279 -30.09112045737291 0.20320402648148317
8.0 114 173 0.5394376106388366 0.6365240579473219 -29.885463110525656 0.10701899476814702
8.0 115 174 0.5380901292776781 0.6350230108272428 -29.791215760951687 0.10907373764091233
8.0 x 175 0.5331847891384573 0.6298506837965749 -29.791215760951687 -0.5788640613314477
8.0 116 176 0.5345812295631859 0.6312443541905172 -29.619458195350028 0.13098091621019847
8.0 x 177 0.5263730861627227 0.62207730019476 -29.619458195350028 -1.1173538774378784
8.0 117 178 0.5291978014065938 0.6251578988365246 -31.317820443125022 -2.1012381396886965
8.0 118 179 0.520190666766932 0.6155127725885312 -31.189471695847736 0.1044800476321015
8.0 119 180 0.5150088840621804 0.6097587441357115 -30.486867551294488 0.7579082502807921
8.0 x 181 0.5197076003546802 0.6149856134158618 -30.486867551294488 -1.1517061897029066
8.0 x 182 0.5145566026683264 0.6092482938698685 -30.486867551294488 -5.676447156522229
8.0 120 183 0.5105088889199751 0.6048038664014899 -29.51626398874886 1.069894100076759
8.0 121 184 0.5096939861317668 0.6040770768252279 -29.118698056208864 0.4563271604347605
8.0 122 185 0.5054873111629018 0.599313197766993 -29.581171205561603 -0.5638790288036262
8.0 x 186 0.5003828642078092 0.5935780038416457 -29.581171205561603 -1.9940473611447302
8.0 x 187 0.5087550512777924 0.6029533060453129 -29.581171205561603 -0.6226741166648146
8.0 123 188 0.5095928497377943 0.6040015723772224 -29.54930623648739 0.04700691115846922
8.0 x 189 0.522452668917801 0.6182738441030474 -29.54930623648739 -1.2187787503300633
8.0 x 190 0.5034670238635259 0.5968748485425822 -29.54930623648739 -0.8664754270634134
8.0 x 191 0.5143979842977409 0.6094664562148413 -29.54930623648739 -0.6839091220561357
8.0 x 192 0.5100136925049232 0.6045379304788847 -29.54930623648739 -1.719308692868207
8.0 124 193 0.503032415751074 0.5965130753988528 -30.448895317693697 -1.0521088553565932
8.0 x 194 0.5059588145040989 0.5998794206948385 -30.448895317693697 -0.7085635060802851
8.0 125 195 0.49507571717797577 0.58752624257084 -31.076871835052142 -0.721176047734442
8.0 126 196 0.49045868469106996 0.5824067325682473 -27.78667920808484 3.6603875310360614
8.0 x 197 0.48170329142277213 0.5722707159340213 -27.78667920808484 -1.948343168948007
8.0 x 198 0.48652882867781616 0.5779092215487969 -27.78667920808484 -1.5377755783176035
8.0 x 199 0.5029297581847052 0.596652704228935 -27.78667920808484 -1.6119850547480468
8.0 127 200 0.4956365637261557 0.5885273943489551 -26.71253958682429 1.4550384013346154
8.0 128 201 0.5508025507366877 0.6493705679604515 -30.668003398644643 31.627615769206898
8.0 129 202 0.5473841666577193 0.6457553261482976 -30.514471886387238 0.12036865491283422
8.0 130 203 0.5465023875128043 0.6446279941461525 -30.34846882154718 0.2736489773694508
8.0 x 204 0.5468096968033599 0.6450151361357579 -30.34846882154718 -1.1448987892095168
8.0 131 205 0.5469914385006038 0.6451595011486074 -30.392213213429237 -0.08025477784102719
8.0 132 206 0.5383359466470556 0.6358397892573232 -29.941592199385656 0.6468801184741473
8.0 133 207 0.5433647152184754 0.6413669092818366 -30.708831795431347 -0.6692141634020174
8.0 134 208 0.5443357528669726 0.6423365534538098 -30.841153992089055 -0.11816430228742192
8.0 x 209 0.5441408643424445 0.6422033325669696 -30.841153992089055 -0.6287268049945389
8.0 135 210 0.5411371479491932 0.6389151396582147 -31.701197863670544 -0.6984042891712932
8.0 136 211 0.5345306600900873 0.6315535316908135 -31.08765259245776 0.6212086553425458
8.0 137 212 0.5320589088373588 0.6286885282870035 -31.784420513306046 -0.5991864665765583
8.0 138 213 0.5207748195686845 0.616219876638177 -31.686525958489156 0.20046727100837103
8.0 x 214 0.5224305802818828 0.6180051585207503 -31.686525958489156 -1.9556986172227155
8.0 139 215 0.5169555272959537 0.6119293197810618 -28.940166891971618 2.4933448709078654
8.0 140 216 0.5163752881601115 0.6115195931812014 -28.51880883633803 0.33863883282808516
8.0 141 217 0.522147417324156 0.6180510798267087 -28.983595750052444 -0.47534281250087673
8.0 x 218 0.5270395413007843 0.6235932821894836 -28.983595750052444 -0.2973428143546144
8.0 142 219 0.5224781135907652 0.6183783648718068 -29.117207637261707 -0.09759324855066609
8.0 143 220 0.5238895962614624 0.6201065329317004 -29.92574559898897 -0.6924612768062168
8.0 144 221 0.5184749857075656 0.6140829120260498 -29.092784583055188 0.785913967570032
8.0 145 222 0.5157375612897523 0.610809812935005 -31.014189710558007 -1.6669321475653156
8.0 146 223 0.5165238465383879 0.611974763172776 -28.29923652790876 2.275314503557958
8.0 147 224 0.5167959375041363 0.6123692194657651 -28.47269877013101 -0.40449028872890835
8.0 x 225 0.5222878904325329 0.6184223012796921 -28.47269877013101 -0.6702713536930425
8.0 148 226 0.512459253021514 0.6073158478943834 -27.98436875539342 0.5978643336771228
8.0 149 227 0.5105232511750867 0.6052032477356298 -27.840089502784572 0.2495981719391338
8.0 150 228 0.5103357279655552 0.6050614527016092 -27.823175889129935 -0.08979982903922945
8.0 151 229 0.513838867970514 0.6088964235655048 -28.062485417019722 -0.15529392170761014
8.0 152 230 0.5099958567740507 0.6045728925576497 -28.137005633266362 0.0981440105851803
8.0 153 231 0.49987639471816664 0.5932325504766506 -27.071611527320176 0.8337619743580369
8.0 154 232 0.4932102112560134 0.585835084584709 -26.53059237464228 0.6499765107053932
8.0 x 233 0.497592330221921 0.5908254464224647 -26.53059237464228 -0.9930086685528607
8.0 155 234 0.4946422729385403 0.5873715507924175 -26.63547600599981 -0.11976392474110042
8.0 156 235 0.49266794940814185 0.5851244382143099 -26.61950163361688 0.1358581050448393
8.0 157 236 0.49477272807240796 0.5875306095471113 -27.270640492501034 -0.5303278658535717
8.0 158 237 0.4898136466567496 0.5819879810522335 -26.40403343937013 0.7490315441236568
8.0 159 238 0.49053534823398226 0.582854655825449 -26.324636604158464 -0.025486472809454597
8.0 160 239 0.4808251211989045 0.5715004600857796 -25.646549670343727 0.787259624151968
8.0 161 240 0.48318488750008753 0.574321294459004 -25.803320103132922 -0.31801421737581137
8.0 162 241 0.5485794102187806 0.6467738634279662 -30.491534839656605 31.8334005973842
8.0 x 242 0.5470547075401632 0.6452110167946619 -30.491534839656605 -0.9829058290296757
8.0 163 243 0.5526695292168349 0.6517340309901541 -30.8046836462766 -0.2571420424167776
8.0 x 244 0.5569185789980043 0.6562340067295124 -30.8046836462766 -1.4801845689784798
8.0 164 245 0.5537712820305076 0.652797811294364 -30.951076927230368 -0.3188447589194823
8.0 x 246 0.5557020602444765 0.6548419792781315 -30.951076927230368 -1.0337114884545286
8.0 x 247 0.556094773032627 0.6556732343405577 -30.951076927230368 -0.9648614328677176
8.0 165 248 0.5507964639937124 0.649491377820659 -30.641178727167272 0.4155733172194047
8.0 166 249 0.541664460280665 0.6395321316714643 -30.273722469654615 0.5754548954659384
8.0 167 250 0.5380627488356613 0.63580799627114 -29.768832113058238 0.3588546786241551
8.0 168 251 0.5416734951546439 0.6398064549585545 -30.967225632055428 -0.9082368300993799
8.0 x 252 0.5354401559574833 0.6328400283740796 -30.967225632055428 -1.297785772020429
8.0 169 253 0.5372780289440283 0.6344725182086187 -29.855711603843886 0.9499820081937251
8.0 170 254 0.5256585535478314 0.6216099029657992 -29.30675563713094 0.6683160373295891
8.0 171 255 0.5284818746819556 0.6250024886873774 -29.662441198266215 -0.3299775350533949
8.0 x 256 0.5183368125443909 0.6136688579310892 -29.662441198266215 -0.6081481441264458
8.0 x 257 0.5319163968012591 0.6286518902096404 -29.662441198266215 -4.175130674652095
8.0 172 258 0.5320338240245956 0.6292749400351709 -30.001851456998914 -0.33517329739816404
8.0 173 259 0.5256838231613555 0.6222229936708245 -28.94729642601543 0.8968303643405342
8.0 174 260 0.5176172013258622 0.613110296872802 -28.446447553947024 0.34320891780748397
8.0 x 261 0.5146273527089109 0.6097382330058643 -28.446447553947024 -0.7776973607651669
8.0 175 262 0.5107176245633068 0.6052114860703335 -28.009007292318692 0.4413002759937257
8.0 x 263 0.5174065956524657 0.612463095761158 -28.009007292318692 -0.22023606034290566
8.0 x 264 0.5199237414019664 0.6153958275824883 -28.009007292318692 -2.441082837646455
8.0 176 265 0.5000876212742664 0.5932387721414292 -27.23942175200993 1.099478087433937
8.0 x 266 0.49624843098362303 0.5886726049513729 -27.23942175200993 -1.206940449354299
8.0 x 267 0.5067117685683459 0.6009923262163882 -27.23942175200993 -1.7641601639981843
8.0 177 268 0.5032142452172488 0.5966383423369042 -27.68684558366602 -0.40373843867828896
8.0 x 269 0.5074486587284527 0.601441830650148 -27.68684558366602 -2.3387289613164732
8.0 178 270 0.49699583154946714 0.5896733740672909 -26.833463116901267 0.614442994128499
8.0 179 271 0.505015215572657 0.5985378954873786 -27.438098270326662 -0.532487341901021
8.0 180 272 0.5065334869485988 0.6001466732897355 -27.550100166168413 -0.24009990793449276
8.0 181 273 0.4998239231114246 0.5928514921372171 -27.142488660984043 0.6070163704623468
8.0 182 274 0.506549669036216 0.6004871622178629 -27.6156998962483 -0.7246309281903223
8.0 x 275 0.5036292056940451 0.597202407974028 -27.6156998962483 -2.2814298969781035
8.0 183 276 0.501213344071338 0.5945737867138471 -27.588133094890388 -0.0755886529859211
8.0 184 277 0.49854591647337126 0.5915596038192366 -28.099238764330774 -0.6493636961394351
8.0 185 278 0.49759180919922413 0.5902988159068294 -30.40890184012763 -2.6137867228271645
8.0 186 279 0.5042355482865997 0.5977315627466881 -30.62483436209638 -0.22302526528780575
8.0 187 280 0.5096432861347157 0.6038806158463657 -29.697386486522603 1.0637934898240218
8.0 188 281 0.5456111573876791 0.6435167834029575 -32.40460645172728 30.021493037439306
8.0 189 282 0.5512247158980126 0.6495200842362199 -31.61960494786363 0.9418198835185265
8.0 x 283 0.540210060597836 0.6377057834369293 -31.61960494786363 -3.796042263124903
8.0 190 284 0.5540188239972723 0.6527294753515138 -31.781120317976388 -0.16989605988441525
8.0 191 285 0.5554318546309828 0.6544188481590654 -31.052922835690275 1.156127511097317
8.0 192 286 0.5570687919058306 0.6562638536264539 -31.33586533897588 -0.22598966726092584
8.0 x 287 0.5591413636653041 0.6583077041874998 -31.33586533897588 -1.3869938143780516
8.0 193 288 0.5531341702051418 0.6517053224025932 -31.36984702301468 0.05361893804714768
8.0 x 289 0.5590030941901026 0.657979310694695 -31.36984702301468 -0.9794615382942347
8.0 194 290 0.5534663502114052 0.6517509802359341 -30.82679007529741 0.33022300426150863
8.0 195 291 0.5552718625449807 0.6536301602327399 -31.094418080392312 -0.17669017726322167
8.0 196 292 0.5536392427066549 0.6518154445627089 -31.219760026973322 -0.041959292195272724
8.0 197 293 0.5532467542385279 0.6514589878365182 -30.85999527457932 0.07900467666947364
8.0 x 294 0.5613832405727749 0.6604870793257411 -30.85999527457932 -0.42115952352705577
8.0 198 295 0.545608802935431 0.6432144457191922 -30.378338283142384 0.4805260574110335
8.0 199 296 0.5475356647679006 0.6450463177396843 -30.693751214806117 -0.05416655948916471
8.0 200 297 0.5402957638080791 0.6372776189222353 -30.694125635378548 0.12741413102151355
8.0 201 298 0.5370888881900312 0.6337379134481482 -31.33702312400032 -0.5234509878597926
8.0 x 299 0.5301893711094208 0.6263216850495358 -31.33702312400032 -1.037542135933446
8.0 x 300 0.537973993832665 0.6344592243780283 -31.33702312400032 -1.9485249175447272
8.0 202 301 0.5335415915338035 0.629735741830118 -29.53815825079482 1.3160441485164114
8.0 203 302 0.5319453819339395 0.62794260019772 -29.347670419682842 0.2654536739688531
8.0 x 303 0.5431561917091412 0.6401133919832932 -29.347670419682842 -1.0456252456020891
8.0 204 304 0.5295988108701674 0.6250849343615977 -29.178188520811077 0.2157944302171657
8.0 205 305 0.5274567439903389 0.6227378499906487 -29.02911186277817 0.13330285811270315
8.0 206 306 0.5161035351366454 0.6103393577642523 -28.786160693036866 0.04390349177277386
8.0 207 307 0.5154427731453697 0.609368131633229 -29.602679767695534 -0.9818093663716532
8.0 208 308 0.5238227813854059 0.618636812733143 -28.808653968313514 1.1174547630958642
8.0 209 309 0.524066802704353 0.6187818666387237 -28.803547816976785 0.11374265724443333
8.0 210 310 0.5222396253467105 0.6167314184067926 -29.282368169391738 -0.2669238631584996
8.0 211 311 0.5283225196583226 0.6235310006331016 -29.381505801158443 -0.19986468282382575
8.0 212 312 0.5343238279365222 0.6299577727625454 -31.10620032318255 -1.5343419733479955
8.0 213 313 0.5341067907268223 0.6299968178884959 -31.05719631543585 0.04742643081845799
8.0 214 314 0.536752039315869 0.6327713645363398 -29.841121693587503 0.9490910263235683
8.0 215 315 0.5406906160539237 0.6368220941258982 -29.965738601796136 -0.22864772661140265
8.0 216 316 0.5389217312436709 0.6349868310593761 -29.928806685663425 0.09842062699933152
8.0 217 317 0.5429624784678861 0.6394929167741783 -30.620821016510405 -1.0524204285575038
8.0 218 318 0.548730186967808 0.6460008510561716 -31.045905297779075 -0.44336569065437104
8.0 219 319 0.5440144327143085 0.6409994815368333 -30.27155697148273 0.9446747573309544
8.0 220 320 0.5445316972153884 0.6416381388344166 -30.289959955777647 0.17714766856445152
8.0 221 321 0.5517061931193592 0.6500773705590908 -30.74049759005717 31.772424396924524
8.0 x 322 0.5544758027096977 0.6532439371986053 -30.74049759005717 -0.5390336321331795
8.0 x 323 0.555312801890849 0.6541010349772258 -30.74049759005717 -0.2590980794603368
8.0 222 324 0.5497904615989418 0.6479403319416815 -30.665054692904206 0.11603989716893537
8.0 223 325 0.550741062549514 0.648672981060181 -30.805301725461966 -0.38358877336859365
8.0 224 326 0.5531248783387099 0.6510362496162669 -30.806005365817352 0.15522274937541525
8.0 225 327 0.5525093078190602 0.6505375894454944 -30.761017056285684 -0.004664673673310915
8.0 226 328 0.5501374817321677 0.6481017032072466 -30.698261638044457 -0.014151642964176148
8.0 227 329 0.5507501735914723 0.6486093709976318 -30.802042872262234 -0.13557799076178156
8.0 x 330 0.5471162391380369 0.6449374001883035 -30.802042872262234 -0.9537859275539873
8.0 228 331 0.5561044463850677 0.6543396792785341 -31.095518699407798 -0.279952282300826
8.0 229 332 0.5512321092559199 0.6489102678585005 -30.67351412535379 0.5282588927975098
8.0 x 333 0.5467720334621305 0.6441563262232324 -30.67351412535379 -2.5102795637731603
8.0 230 334 0.5489096268058244 0.64653900353305 -31.059137217841183 -0.12051988399050373
8.0 231 335 0.5455109636644927 0.6428686502209537 -31.95972792627571 -0.7155654605906037
8.0 232 336 0.5400680932615138 0.6369718629160401 -32.00734565586852 0.012373977112140722
8.0 233 337 0.5330260943995259 0.6292486467111946 -31.33777639298821 0.6833503701657833
8.0 234 338 0.5401573121830023 0.6370470807556396 -31.211467682892277 0.02780014187084845
8.0 235 339 0.5452464360343892 0.6423573413549192 -31.178112138373702 -0.03769095074878592
8.0 236 340 0.5460675709263682 0.6433921660515127 -31.835559212736104 -0.5769135988514407
8.0 x 341 0.5430412068455112 0.6397335712825899 -31.835559212736104 -1.7603708510941907
8.0 x 342 0.5527216050750916 0.6504267599069254 -31.835559212736104 -2.6714858117456295
8.0 x 343 0.5456343937320429 0.6431640106363973 -31.835559212736104 -3.216164456644915
8.0 237 344 0.5431997380193558 0.6404801845095665 -30.840938933525962 0.8944167175931774
8.0 238 345 0.536256247991187 0.6327117448539181 -29.765949675210777 0.9493072849717947
8.0 239 346 0.536273813761444 0.6326673114424992 -29.672829122227114 -0.0772282339363457
8.0 240 347 0.5382723310601529 0.6347219307053427 -29.819509341363187 -0.0278948311939331
8.0 241 348 0.53641019527235 0.6326850980913021 -29.89984799383926 -0.29857259700219174
8.0 242 349 0.5390026092032042 0.6356335022987748 -29.850814471985355 0.1546662633076572
8.0 243 350 0.5303170812607024 0.6262300084729597 -30.254904615084428 -0.6854102467810712
8.0 x 351 0.5280485269971661 0.6234798400156778 -30.254904615084428 -2.2454071284612738
8.0 244 352 0.5313376523308879 0.6272502269450003 -30.33968074635622 -0.09690726088127022
8.0 245 353 0.5345239279631937 0.6308719611189935 -30.58006367438591 -0.26202852283307365
8.0 246 354 0.5304440051688061 0.6265015797012823 -30.428854941228778 0.137096316634576
8.0 247 355 0.5262756892251025 0.6220403621030376 -29.04384627496418 1.6888925341017185
8.0 248 356 0.5263551774888716 0.6221369710063066 -29.254792162711098 0.07022124751295422
8.0 249 357 0.5299548116802975 0.6260659135318785 -31.26323146834823 -1.7669339635315353
8.0 x 358 0.5390116887580704 0.6361970881817174 -31.26323146834823 -5.084162839145485
8.0 x 359 0.5301574760789859 0.626412552483906 -31.26323146834823 -2.586971805398356
8.0 250 360 0.5210588015883328 0.6165337408934762 -29.56845185424771 1.6057213135650095
8.0 251 361 0.5481174640234346 0.6461863414806782 -34.507962413815065 28.200383076474253
8.0 252 362 0.5522313559602124 0.650763398258623 -31.171369856086486 2.9302206585175554
8.0 253 363 0.5506593189804625 0.6492870949327665 -30.715287907176716 0.34211999248257996
8.0 x 364 0.5526963391518337 0.6516932642200938 -30.715287907176716 -1.0498870727638234
8.0 254 365 0.5450619075778284 0.6432618612704376 -30.35702447068327 0.1745732263891071
8.0 x 366 0.5543642223315743 0.6534361341709816 -30.35702447068327 -3.1210342227144423
8.0 255 367 0.5444219000226852 0.6426631277226945 -30.31741576001634 0.02447120088291399
8.0 256 368 0.5480638599977422 0.6466667702704791 -30.8371863877518 -0.6417340791081827
8.0 257 369 0.545346089328683 0.6436188607859996 -31.367975596175892 -0.664817975806212
8.0 x 370 0.5400645988574991 0.6379703827510989 -31.367975596175892 -2.219089774676238
8.0 x 371 0.547603664633846 0.6459886763836971 -31.367975596175892 -2.74238262308592
8.0 258 372 0.547424506102397 0.645608616945589 -30.469139742904325 1.1803300194311213
8.0 259 373 0.5434254418111887 0.6411956697852715 -30.194613126971266 0.2912172927245571
8.0 x 374 0.5506142108506666 0.6490311180329521 -30.194613126971266 -0.39990319786035045
8.0 x 375 0.539669776569064 0.6370686989547889 -30.194613126971266 -1.0657512705761114
8.0 260 376 0.5386562532497877 0.6357238998923241 -30.004560932881724 0.4346333300836882
8.0 x 377 0.5488702461578533 0.6468722062030685 -30.004560932881724 -1.4651167599237915
8.0 261 378 0.532267454210484 0.6288386435867446 -29.742795070534434 0.3488397732095052
8.0 262 379 0.5334165737698942 0.6300868535890036 -29.63054123744797 0.06356001407775835
8.0 x 380 0.5301880433520774 0.6263855357004507 -29.63054123744797 -1.5330216373757324
8.0 263 381 0.5338571571083081 0.6307426855664119 -29.66031692550365 -0.03478239462084787
8.0 264 382 0.5308552144866224 0.6272938563772755 -29.460310442523706 0.21628829602328636
8.0 265 383 0.5290854278761501 0.625295072429244 -29.1570883479956 0.20695957606301718
8.0 266 384 0.5262501967752713 0.6223696210837429 -28.94231828551765 0.18015386590470328
8.0 x 385 0.5318437240553069 0.6284777218936393 -28.94231828551765 -0.8311809794425145
8.0 x 386 0.5329031033969487 0.6295621807684731 -28.94231828551765 -1.0539312853105685
8.0 267 387 0.5239715392526937 0.620016059057452 -28.871598027131128 -0.035896686026276825
8.0 268 388 0.5184189319441819 0.6138317170593897 -28.719100761241123 0.08007907568574524
8.0 269 389 0.52208020479095 0.6181721549257492 -28.666928653643403 0.1845153850851986
8.0 270 390 0.5248950271306155 0.6213788492219366 -28.974107614286375 -0.39773434194302837
8.0 271 391 0.5212960913043105 0.617425807973392 -28.689933445032032 0.31295068508659796
8.0 272 392 0.5247539449633889 0.6214261196667994 -29.09006098648191 -0.4787989170472997
8.0 273 393 0.5191954243668436 0.6152053173285258 -28.552949611936615 0.6140227935969627
8.0 x 394 0.5151968388037145 0.6107511001619178 -28.552949611936615 -0.6517808262410689
8.0 x 395 0.5234006980408603 0.6198561450100187 -28.552949611936615 -0.5001383300691664
8.0 x 396 0.5268120788893308 0.623796687146546 -28.552949611936615 -0.4264907940256357
8.0 274 397 0.5219707062157057 0.6186725782509551 -28.647615122593557 -0.022959332179897984
8.0 275 398 0.5197576134338967 0.6162416923387218 -28.677307420176515 -0.13946978304781155
