5.0 x 0 0.5377838964067219 0.6349254079475675 -100.0583073913436 -36.97268735081507
5.0 x 1 0.5521417532299063 0.6505864202488267 -100.0583073913436 -4.1189157887324725
5.0 1 2 0.545576865539843 0.643470025726956 -93.62483165802979 6.3826759880683
5.0 2 3 0.5442799275925793 0.6420516986619207 -71.01152031771035 22.29229861432627
5.0 x 4 0.5426115777782429 0.6399770824712562 -71.01152031771035 -44.03885183225847
5.0 3 5 0.5397759950423943 0.6368417633031559 -69.01881277176525 1.9845051348637242
5.0 4 6 0.536791214139134 0.6337186858950647 -62.23941766056406 6.651861321289708
5.0 5 7 0.5268041479198621 0.6224254270817876 -56.46745413092511 5.680885652768744
5.0 6 8 0.5270623590829975 0.6226276300915544 -51.96111371170591 4.3412424946999835
5.0 7 9 0.5210762084100347 0.6161821293553902 -46.22938946682256 5.371933897390306
5.0 8 10 0.5206150794559277 0.6156599535572811 -46.630753238354785 -0.3316912218951771
5.0 x 11 0.5272517305495844 0.6231042349386594 -46.630753238354785 -7.591619308813009
5.0 9 12 0.5119649146340376 0.6058133854979602 -46.49428941178253 0.2542751564965329
5.0 x 13 0.516267360557598 0.6105279413207013 -46.49428941178253 -1.8180058014438032
5.0 10 14 0.51842054183693 0.6126054169412205 -46.7146950254103 -0.3005509519324363
5.0 x 15 0.528220952403961 0.6235783827471572 -46.7146950254103 -6.427021917429613
5.0 x 16 0.515923357722065 0.6099508050733016 -46.7146950254103 -0.890930150602216
5.0 11 17 0.5073450682386783 0.6003391048197343 -47.622972927999584 -0.6990654822175486
5.0 x 18 0.5065534562476564 0.5994030081961047 -47.622972927999584 -2.957152583410462
5.0 12 19 0.504261111990644 0.596700609737114 -44.4826298449711 2.4737926385562474
5.0 13 20 0.49460055224496907 0.5858488291190977 -44.594643828031295 -0.233708719607165
5.0 x 21 0.49030607420117434 0.5809081489173551 -44.594643828031295 -2.533581774540842
5.0 14 22 0.49538958321182786 0.5865628075785416 -44.62532833237738 -0.03032631177196521
5.0 15 23 0.4980998421741107 0.5894293857235627 -43.46275797851165 1.3627492788654791
5.0 x 24 0.49794670227543175 0.5891489190477477 -43.46275797851165 -2.2047645771403808
5.0 16 25 0.4970682097671106 0.588607025514227 -42.906680734584555 0.738976511007408
5.0 17 26 0.496485392625308 0.588065301363529 -43.421752845717634 -0.7074815303325224
5.0 18 27 0.4914268663445617 0.5825445522517173 -42.43049844084554 1.1006144129049034
5.0 19 28 0.49940328845567483 0.5914270607138277 -43.18966235936955 -0.6856284985433589
5.0 x 29 0.49654463613452726 0.5883075967171377 -43.18966235936955 -1.541948453928562
5.0 x 30 0.5063158220539383 0.5990945324502097 -43.18966235936955 -2.475306905555094
5.0 x 31 0.49294705461360666 0.5839953344544336 -43.18966235936955 -1.788843964912651
5.0 20 32 0.5032604536363026 0.5956785439324931 -44.0749925816005 -0.7251010188886724
5.0 x 33 0.5096966529301677 0.6029846854827119 -44.0749925816005 -3.6563194221952813
5.0 21 34 0.5085132761455043 0.6015838089102046 -45.47465663459985 -1.312661711640395
5.0 22 35 0.5132083209098636 0.6066974504364663 -44.913149483098806 0.1894593352416507
5.0 23 36 0.5189464338706898 0.6128762613797617 -47.43710271167219 -2.8496446396455966
5.0 24 37 0.5191785424643757 0.6128252988617235 -45.6705689332349 2.0496526173267924
5.0 25 38 0.5194825048911802 0.6132278487114775 -45.72320811076503 -0.05825905791990493
5.0 x 39 0.5199887046907923 0.6137604356758147 -45.72320811076503 -0.9238534321875704
5.0 x 40 0.5194495858716537 0.6131740919865323 -45.72320811076503 -1.2178244342231253
5.0 26 41 0.5529029574157359 0.6515198526575253 -50.927916492505766 74.42402168650341
5.0 27 42 0.5494109268415011 0.6473726865964893 -48.87758225566503 1.75861814211531
5.0 x 43 0.5495120600524517 0.6473163231221436 -48.87758225566503 -1.0833569782081298
5.0 x 44 0.5554042337957739 0.6539408623567996 -48.87758225566503 -5.834420761054183
5.0 x 45 0.5526410310070059 0.650796184930371 -48.87758225566503 -0.9706881840727348
5.0 28 46 0.5557407210730143 0.6543507341873834 -50.713516696412505 -1.6155582340274748
5.0 29 47 0.5553494993362578 0.6539841242393772 -49.516147519043024 0.9382555692548706
5.0 30 48 0.551530384302261 0.6495635413479156 -49.89251865142459 -0.14555504912774353
5.0 31 49 0.5520345483042355 0.6502683693772566 -49.77663320854832 -0.3181534256716816
5.0 32 50 0.5520579596957844 0.649903919946949 -49.38672338428013 0.46547209730142924
5.0 33 51 0.5588293190111345 0.6574701316165852 -49.941654863573056 -0.39700110092209684
5.0 x 52 0.5621721448732908 0.6611892191129862 -49.941654863573056 -1.5203402883560244
5.0 34 53 0.5538604251975124 0.6519212564166191 -49.741087115141696 0.30740889698246576
5.0 x 54 0.5574551067275082 0.6558901304300581 -49.741087115141696 -1.3301137882294256
5.0 35 55 0.5531855268240519 0.6508954777529506 -51.489782712962 -1.5472175097912881
5.0 36 56 0.5504551165572067 0.6481765945583774 -50.22694689913651 1.1893686864042081
5.0 37 57 0.543974912648469 0.6413162383020735 -48.525474060218144 1.3168658017164958
5.0 38 58 0.5412387012824025 0.6382389672613203 -48.1689883396683 0.3858706066850601
5.0 x 59 0.5356348956070937 0.6320959107518619 -48.1689883396683 -1.946696581791862
5.0 39 60 0.5403329202935604 0.6373254712037812 -48.28079903427204 0.16132638935432198
5.0 40 61 0.5378990040423032 0.6343639492616825 -47.62675119140162 0.5360102664420836
5.0 x 62 0.5435818695036219 0.640922805429702 -47.62675119140162 -1.9690961885936247
5.0 x 63 0.5398193401233607 0.6367167863819606 -47.62675119140162 -1.0425082576207458
5.0 41 64 0.5395171991333174 0.6361627841089467 -47.93111160436371 -0.4368140141750487
5.0 42 65 0.5388982608553156 0.6353942563003971 -47.768282902112816 0.31199977481301033
5.0 43 66 0.5297778493707324 0.6252106420619833 -46.944653878075044 0.6795092132474778
5.0 x 67 0.5373665315711178 0.6337601567465433 -46.944653878075044 -4.659237590872017
5.0 44 68 0.5265685380200535 0.621763239587164 -46.3428752578133 0.7386201006198974
5.0 45 69 0.5226692537170312 0.6175885037774846 -46.52631866378831 -0.37557837530950167
5.0 46 70 0.5204981909778226 0.6153048748748867 -46.48934917849005 0.012591709320275868
5.0 x 71 0.5035523799726287 0.5966174403062938 -46.48934917849005 -1.6376932482864461
5.0 x 72 0.5269739730256441 0.6225137428036265 -46.48934917849005 -1.8049405575989255
5.0 47 73 0.5126628921716011 0.6065760218567051 -44.88640805192454 1.97276248121873
5.0 x 74 0.5136177942489393 0.6076026057602937 -44.88640805192454 -0.5574275117442298
5.0 48 75 0.507611577511614 0.6009284603880529 -44.157656858093034 0.6555135356144106
5.0 49 76 0.5058823325504798 0.5992212736281829 -44.364492473548424 -0.04485669107839385
5.0 x 77 0.5041245330956171 0.5970933919904796 -44.364492473548424 -0.5894234579632283
5.0 50 78 0.5058720491394328 0.5990981866029038 -44.0212091461906 0.2533617496384366
5.0 51 79 0.5102348419580185 0.6038064038759571 -45.41814994156765 -1.7478964790601381
5.0 52 80 0.5098338807779038 0.6032290268736031 -47.89570329192736 -2.737535266227468
5.0 53 81 0.5515930840245518 0.6498412993953298 -50.818270992353064 74.30047276773337
5.0 54 82 0.5512990701023424 0.6494060447054968 -49.72720370485997 1.2484824500740572
5.0 55 83 0.5524515247110633 0.6504488788365865 -49.265221799777386 0.6049393499929039
5.0 56 84 0.5506987351889016 0.6486122132236517 -49.087119339550526 0.17147312189808162
5.0 57 85 0.5447501534177333 0.6419886299935064 -48.44526097846492 0.8073723128317383
5.0 58 86 0.5403298619466559 0.6369294203787863 -47.92517770795506 0.5204421449540888
5.0 59 87 0.5381682790251345 0.6345908271000678 -47.69680748058782 0.2315158958994772
5.0 60 88 0.5389867809950177 0.635556115801305 -48.37178296162686 -0.5492077059058218
5.0 61 89 0.5350411395359282 0.6310801692029943 -47.4350316545673 0.841493416058519
5.0 62 90 0.5256370969339161 0.6205312929209209 -46.26765503537153 1.055529694671776
5.0 63 91 0.526257470364704 0.6208134847629763 -46.33036179332571 0.028602470923281942
5.0 64 92 0.5335303209599982 0.6286603596608529 -47.37542712583244 -0.9821133108453068
5.0 x 93 0.5307357572358266 0.6254080386085417 -47.37542712583244 -1.635080987363601
5.0 x 94 0.5369010736211551 0.6324818952438189 -47.37542712583244 -8.548375586523512
5.0 65 95 0.5247763472841472 0.6185639788717331 -46.187875154987225 1.0402168826049802
5.0 66 96 0.52734253640241 0.6215802879479112 -46.76977481114922 -0.6855765178000368
5.0 67 97 0.5220472631351983 0.6156919812193016 -46.08126361541614 0.9937657180905504
5.0 68 98 0.5073495406729631 0.5995691248510682 -44.34998072535594 1.782006108502138
5.0 x 99 0.5157987190971329 0.6090584720855723 -44.34998072535594 -3.653681808850088
5.0 x 100 0.5165329048115158 0.6098397688796756 -44.34998072535594 -1.6062878208351137
5.0 69 101 0.5073813996520444 0.5995465713530602 -44.13069559254173 0.10424121315405444
5.0 70 102 0.5059623914828218 0.5980263058963514 -45.15776237228769 -0.7538083814675431
5.0 71 103 0.5050651868422157 0.5972382593501473 -44.66337268928565 0.4479392933747448
5.0 72 104 0.5041318426873335 0.5962997706475271 -44.09582425059121 0.19385181049820233
5.0 73 105 0.4994532607780627 0.5910845607820207 -43.274176516658024 0.9188667904219656
5.0 74 106 0.48936793337504353 0.5796957537833818 -42.0004988194031 1.3511098390123593
5.0 75 107 0.4856059516829272 0.5753926527143182 -42.06698270035279 0.173516850734174
5.0 76 108 0.47425952432135515 0.5624879710629144 -43.740979890578934 -1.3573655586627567
5.0 77 109 0.4732402491503218 0.5614226142623779 -43.431245626498175 0.31586168010663584
5.0 78 110 0.47864995252671666 0.5677153334731647 -43.41574535762627 -0.043759510642935595
5.0 79 111 0.4791679156247669 0.5684271482180755 -42.52959735768329 0.8076330820220363
5.0 x 112 0.48352600977941035 0.5732995599620487 -42.52959735768329 -5.008904738625354
5.0 80 113 0.4754549368582703 0.5642222147130357 -42.40528395477747 0.1639478067801079
5.0 81 114 0.47657574958337434 0.5651613140336892 -40.42628659844074 1.6576628192491114
5.0 x 115 0.48637686832663585 0.5763483223187863 -40.42628659844074 -2.069619652644718
5.0 x 116 0.48774214937906624 0.5778602749481914 -40.42628659844074 -1.6388311543854783
5.0 82 117 0.46984741373222727 0.5576305963450202 -39.68193549805928 0.6412706358886666
5.0 x 118 0.4746528895073002 0.5630041855136295 -39.68193549805928 -0.8034321692511526
5.0 x 119 0.4737344519619861 0.5619081591011067 -39.68193549805928 -0.9008547630591153
5.0 83 120 0.4702019750856813 0.5580292273249604 -40.33074397290623 -0.33615002843259845
5.0 84 121 0.5486959897228061 0.64679569194052 -58.6094732635613 66.64227653252564
5.0 x 122 0.5547437585358752 0.6532816188841672 -58.6094732635613 -0.47318658383912293
5.0 x 123 0.5457467689917814 0.6433428077983337 -58.6094732635613 -1.9985291295107217
5.0 85 124 0.5507454332652503 0.6489104338450139 -59.943685732550215 -1.3072108531940572
5.0 x 125 0.5470137791754266 0.6446333730400634 -59.943685732550215 -21.399559567070924
5.0 86 126 0.5538858064884988 0.652467946894035 -52.36460925416181 7.232820913133914
5.0 x 127 0.5625176356861278 0.6619681669159899 -52.36460925416181 -3.7981721661814234
5.0 87 128 0.55090043367209 0.6494008653181199 -51.41569267868742 0.9277191451974787
5.0 88 129 0.5486096014031674 0.6467031009178625 -51.60320285013995 -0.15114566449916822
5.0 89 130 0.5482303761591062 0.646167268366897 -51.34596156802066 0.24694403943414756
5.0 x 131 0.5383934620492213 0.6353073855612733 -51.34596156802066 -13.068909201529898
5.0 x 132 0.5450154916863112 0.6429668258309751 -51.34596156802066 -3.63005355339979
5.0 90 133 0.553275404425253 0.6519472072606046 -51.18040198553892 0.09110299306561842
5.0 91 134 0.561344117061382 0.6606454712486355 -54.441802880735715 -3.133086485879396
5.0 92 135 0.5648637470583899 0.6642728395045191 -50.902937995791774 3.1880014999152664
5.0 93 136 0.5672483479431715 0.6668407596688811 -50.85461112354325 -0.043069869781824366
5.0 94 137 0.5700399352061272 0.6697441385791808 -51.12468130997458 -0.2915208301142016
5.0 95 138 0.5777883742088504 0.6781310678197157 -51.99380450605245 -0.8793255746126505
5.0 96 139 0.5755270696257367 0.6754995163021598 -51.810164234893705 0.2059955650537617
5.0 97 140 0.5698687703258408 0.6694066314343018 -51.44996453239007 0.42618670815490844
5.0 98 141 0.5755834646086933 0.6757185694216103 -51.727664817926254 -0.3821254438170456
5.0 99 142 0.57241481348831 0.6720370213397996 -51.62879524184574 0.18207811742737334
5.0 100 143 0.5770317756467482 0.6772296051007894 -51.93552364113551 -0.5640580843243939
5.0 x 144 0.5824776302603085 0.6830031054315264 -51.93552364113551 -1.7269803895131943
5.0 101 145 0.5734763841973753 0.6735420016499285 -51.42920586316118 0.6211392359904835
5.0 102 146 0.5719359557517085 0.6720824553876654 -51.53383379737453 -0.24927935853378358
5.0 103 147 0.5715506548975557 0.6717544653088118 -51.31892585100918 0.2752001201109877
5.0 x 148 0.576213004803259 0.6767964664109102 -51.31892585100918 -0.9952132124682933
5.0 104 149 0.5723889063642486 0.6725681281115495 -51.388526274820435 0.0764232992923013
5.0 x 150 0.5713276632606515 0.6715912567825502 -51.388526274820435 -1.1249471099922133
5.0 105 151 0.5650554361112529 0.6646363899000547 -50.81175603392442 0.6673408101571923
5.0 106 152 0.5627085057588197 0.6618112779422586 -50.375746736642014 0.24614574328786176
5.0 107 153 0.5593033847507047 0.6580503309216852 -50.0194319374752 0.36088369310920143
5.0 108 154 0.5603995128557426 0.6594877366950116 -50.12951615933728 0.024502954316993453
5.0 x 155 0.5688144991717543 0.6686597722174501 -50.12951615933728 -2.3559182469907327
5.0 x 156 0.5600367552834606 0.6591807458576867 -50.12951615933728 -0.4206933458337616
5.0 109 157 0.5585176456396285 0.6576171313084453 -50.32773480496394 -0.443045170435326
5.0 x 158 0.5578290548280824 0.6570810731254475 -50.32773480496394 -1.1059867198111633
5.0 110 159 0.5543127548768256 0.6529510085467867 -49.404195407903565 1.1422979533107664
5.0 x 160 0.5535067310384754 0.6521451098202434 -49.404195407903565 -2.960210283345411
5.0 111 161 0.5508287399098986 0.6492553895915657 -49.676417200789665 117.29365025354909
5.0 112 162 0.5509752158763749 0.6494441260354219 -49.22000668212787 0.3627472418265114
5.0 x 163 0.5536910101405226 0.6523435762610255 -49.22000668212787 -0.5058469980199973
5.0 x 164 0.5526207658786687 0.6509411909375 -49.22000668212787 -0.10172960819409127
5.0 113 165 0.5502986721896336 0.6487426584531735 -49.080098840256404 -0.048870965752449536
5.0 114 166 0.5498861324745422 0.6481541387801278 -49.00042201706664 0.24276973163426874
5.0 x 167 0.5504387680867944 0.6490672361138935 -49.00042201706664 -0.9235675196664417
5.0 115 168 0.5474464216497374 0.6453165594502372 -48.85191139975 -0.025829571694131914
5.0 116 169 0.5417615567178152 0.6392646296790243 -48.646169436167895 0.1315101301259176
5.0 117 170 0.5406814340252194 0.6378954933067734 -47.92624937155125 0.9165881472983557
5.0 118 171 0.5507901623736965 0.6487899054542018 -49.05164443733417 -1.0927883226015283
5.0 119 172 0.5491277415583804 0.6469294185373292 -49.169971594020566 -0.010621449434019326
5.0 120 173 0.5464145390291357 0.6438659212367794 -48.56437920656297 0.5068782979065105
5.0 121 174 0.5450943313809652 0.6424149419843552 -48.42164111691636 0.15738321553621404
5.0 122 175 0.5400881968254024 0.6371850468337773 -48.45948695735615 -0.2635009042757659
5.0 123 176 0.5366081212478553 0.63344382048098 -48.41029967052306 0.008469575367954008
5.0 x 177 0.5284723954727263 0.6243565203823591 -48.41029967052306 -2.7433114402063765
5.0 x 178 0.5314053711556908 0.6275480786479245 -48.41029967052306 -4.513211615653752
5.0 124 179 0.5279635148039239 0.624238114011941 -47.915558118449475 0.47104758213767184
5.0 125 180 0.5229282726159605 0.6186832337728142 -47.01887749149235 0.9523019861028033
5.0 126 181 0.5275879815416188 0.623822922195702 -48.25816310184764 -1.3437276642725493
5.0 x 182 0.5270460875400673 0.6232233072647589 -48.25816310184764 -7.4198487218778695
5.0 127 183 0.5234397787706218 0.6192861563233086 -47.053182857336445 1.3038264902596737
5.0 128 184 0.5228838769471551 0.6188372821616617 -46.63932649549156 0.4725343446309864
5.0 x 185 0.5186433428288045 0.6140943066521103 -46.63932649549156 -0.4315915783697477
5.0 x 186 0.5181545806609122 0.6135981884848235 -46.63932649549156 -1.7892438554196772
5.0 x 187 0.5258725359392799 0.6221145459381979 -46.63932649549156 -0.6806745108495562
5.0 129 188 0.5267754314974984 0.6232576527672665 -46.836606177508145 -0.18168878441339587
5.0 x 189 0.5386130921485158 0.6362225997125741 -46.836606177508145 -1.591744409876668
5.0 130 190 0.521118341694242 0.6167051994376833 -47.189347507139345 -0.4838758920776982
5.0 x 191 0.5258935648966532 0.6220762867043825 -47.189347507139345 -0.9411848727117373
5.0 131 192 0.5215527491741714 0.6172574019020381 -49.150819324338556 -2.1499263341136228
5.0 x 193 0.515292206608184 0.6101727187004274 -49.150819324338556 -1.7386720856357627
5.0 132 194 0.523932706928177 0.62002324651024 -50.04442616319644 -0.9546959759140137
5.0 x 195 0.5167218918561398 0.6119973549741194 -50.04442616319644 -1.000523981883461
5.0 133 196 0.5198525048473105 0.6156534076408752 -46.20383950597004 4.21083362474856
5.0 x 197 0.511586340671282 0.6062853702517763 -46.20383950597004 -1.8609095545764305
5.0 134 198 0.516570495127925 0.6119757401880341 -47.5250008814537 -1.5175352257613142
5.0 x 199 0.5281035519865802 0.6248677325408313 -47.5250008814537 -2.3826578399034943
5.0 135 200 0.5214674481361155 0.617746017401685 -45.767804905511426 2.13860361442007
5.0 136 201 0.5508025507366877 0.6493705679604515 -49.370276316826754 75.45137747885583
5.0 137 202 0.5473841666577193 0.6457553261482976 -49.26652996207203 0.0705834974101478
5.0 138 203 0.5465023875128043 0.6446279941461525 -48.71364615458706 0.6605297200143596
5.0 x 204 0.5468096968033599 0.6450151361357579 -48.71364615458706 -2.3971292741338246
5.0 139 205 0.5469914385006038 0.6451595011486074 -48.870725226050396 -0.1935894574222985
5.0 140 206 0.5383359466470556 0.6358397892573232 -47.669198695370845 1.397785635110111
5.0 x 207 0.5433647152184754 0.6413669092818366 -47.669198695370845 -0.7412021086189498
5.0 141 208 0.539342835058419 0.6368458732205915 -47.79269655041711 -0.10926320162476344
5.0 x 209 0.5391244500872472 0.6366813884802001 -47.79269655041711 -0.19118095477633545
5.0 142 210 0.5360622820114181 0.6333256968279591 -47.962152846978405 -0.007787755115330697
5.0 143 211 0.5292354265359266 0.625697132519945 -47.09112127793751 0.878703120937196
5.0 144 212 0.5266652675089272 0.6227177040727678 -47.41374425961118 -0.22503789648047245
5.0 145 213 0.5150611842213999 0.6098520889313751 -46.635744301155626 0.8805675918493918
5.0 x 214 0.5167312566964691 0.6116591283101119 -46.635744301155626 -1.8414731967054934
5.0 146 215 0.5112121303670552 0.605509499827311 -44.600209573388405 1.7826595426529863
5.0 147 216 0.5106135160374652 0.6050682391078623 -44.543563557870264 -0.026175294056727694
5.0 148 217 0.5165017004413004 0.611753956411862 -45.20913800940805 -0.6759471014168383
5.0 x 218 0.5215480948267792 0.6174863775262069 -45.20913800940805 -0.6531671827806775
5.0 149 219 0.5167816850558917 0.6120237911241483 -45.22538269086142 0.019903952697255534
5.0 x 220 0.5181918087514321 0.6137555279004193 -45.22538269086142 -0.25007585175323754
5.0 150 221 0.5112729388184368 0.6058691861893223 -44.67080589131704 0.5072451320434013
5.0 151 222 0.5083865648109978 0.602420463294131 -44.6728479767398 0.2523083737009344
5.0 152 223 0.50917845478948 0.603596294696092 -45.30926022809636 -1.0760381706944813
5.0 x 224 0.5095078710127575 0.6040433693241829 -45.30926022809636 -2.390352626857343
5.0 153 225 0.5147165877329019 0.6097282592984784 -45.52299415566628 0.21324133361898134
5.0 154 226 0.5102542680392165 0.6045326328182853 -45.7239940950509 -0.0918542301928511
5.0 x 227 0.5082629982769811 0.6023617818486463 -45.7239940950509 -1.0052795194714719
5.0 155 228 0.5101273701848729 0.6044585765775795 -44.90768309946511 0.7097592078603938
5.0 156 229 0.5137029208285929 0.6083351744126313 -45.92487968833973 -0.9341089354816532
5.0 x 230 0.5098102960685282 0.6039605072374445 -45.92487968833973 -1.2619612830080271
5.0 157 231 0.5035411811914381 0.5970247400420314 -43.67845553585014 2.014663164442041
5.0 158 232 0.4970976422072888 0.5899738498320017 -43.02327307530585 0.7643390180401681
5.0 x 233 0.5012699517439466 0.5946875848836538 -43.02327307530585 -2.3618693060177236
5.0 159 234 0.49855335925527744 0.591510683198598 -43.171460989820254 -0.16328137522403097
5.0 160 235 0.4964825234674495 0.5891664274435529 -43.362106060269426 -0.07044984640210572
5.0 x 236 0.49854859607494234 0.5915094290218288 -43.362106060269426 -1.2250537796813887
5.0 161 237 0.4915324404335425 0.5836942568378951 -42.27967035461108 0.9648417608489126
5.0 162 238 0.49242050501966006 0.5847300627956955 -42.39351706560469 -0.21881006435144457
5.0 163 239 0.4823596635011638 0.573014902778471 -41.12073807844503 1.3822843567485705
5.0 x 240 0.48500797572630844 0.5761646034704246 -41.12073807844503 -0.7377933445521734
5.0 164 241 0.5485794102187806 0.6467738634279662 -48.86729162086839 75.97786412651269
5.0 x 242 0.5470547075401632 0.6452110167946619 -48.86729162086839 -0.7085862917105104
5.0 x 243 0.5526695292168349 0.6517340309901541 -48.86729162086839 -0.6633168674308365
5.0 x 244 0.5528419988106889 0.6513033341078122 -48.86729162086839 -2.684297329327954
5.0 165 245 0.5497711922631341 0.6479367186099563 -49.0569206749043 -0.3620389125172139
5.0 x 246 0.5518504497378083 0.6501396437533736 -49.0569206749043 -1.4942857085463928
5.0 x 247 0.5522827444126027 0.6510243456025967 -49.0569206749043 -1.3962414201497069
5.0 166 248 0.5467262497155646 0.6445479970658307 -48.58184896316531 0.5808165086588062
5.0 167 249 0.5374724649849657 0.6344261336902045 -48.02853775159504 0.7613113545031993
5.0 168 250 0.5337522357314466 0.630576493595007 -47.15082516008745 0.7315811919686794
5.0 169 251 0.5374525491699711 0.6346716219177797 -49.186977610475196 -1.7458976586453119
5.0 x 252 0.5310498620635474 0.6275163970491295 -49.186977610475196 -2.277386488416923
5.0 170 253 0.532964395051452 0.62920933429511 -47.32593564161321 1.6993739484881516
5.0 171 254 0.5210922380865639 0.6160391577320905 -46.425505522304896 1.0198596639246702
5.0 172 255 0.5239571628620832 0.619488548688933 -47.01443373583686 -0.5632296100259069
5.0 x 256 0.5134905059601237 0.6077843673741596 -47.01443373583686 -1.122936309159222
5.0 x 257 0.5274687174901632 0.6232413989718875 -47.01443373583686 -7.104679821127895
5.0 x 258 0.5277091680804022 0.6239980461410896 -47.01443373583686 -0.5779758361558578
5.0 173 259 0.517263015976343 0.6120318482793016 -45.33198835149672 1.5246146980399473
5.0 174 260 0.5086896741308781 0.6023151183654962 -44.52325119005064 0.6509037538754399
5.0 175 261 0.5053903557568301 0.598590310939251 -45.482876618568994 -1.16133561078302
5.0 176 262 0.4979445262352133 0.5900385129019263 -44.87202575808807 0.6144648244243953
5.0 177 263 0.5051945564954683 0.5979038804008409 -44.02897448514584 1.0752117542699438
5.0 x 264 0.5147240464789532 0.6084184526743682 -44.02897448514584 -3.4568154310419033
5.0 178 265 0.49419574686943996 0.585539792578693 -43.07261691110396 1.286177405883869
5.0 x 266 0.4896767875767477 0.580225831877187 -43.07261691110396 -1.031755707063617
5.0 x 267 0.501610541128723 0.5941951494342935 -43.07261691110396 -3.5089051872994546
5.0 x 268 0.4975434855966423 0.5891425707537811 -43.07261691110396 -0.7944862425636359
5.0 x 269 0.4993889422757261 0.5914196238985726 -43.07261691110396 -3.8158184151017167
5.0 179 270 0.48783353498718796 0.5783704188603803 -41.86839421854178 0.9650431971093241
5.0 x 271 0.49565799890892087 0.5870849681861766 -41.86839421854178 -0.8119453511567656
5.0 x 272 0.48928883191692885 0.5799374481746224 -41.86839421854178 -0.7254328809508834
5.0 180 273 0.4809428958508637 0.5707494553222608 -41.07618728564661 0.9917747930047724
5.0 x 274 0.48815390624713956 0.5790229622926416 -41.07618728564661 -1.2004047121762724
5.0 x 275 0.4776542461479517 0.5670111930150313 -41.07618728564661 -1.3420861002727236
5.0 181 276 0.4749710114802521 0.5639906938538443 -40.218371414498044 0.7549127386909902
5.0 182 277 0.47138176789379826 0.5598752162907721 -40.24349368290022 -0.16319623784007575
5.0 x 278 0.47031414297305646 0.5585419139885542 -40.24349368290022 -2.8535958845979437
5.0 183 279 0.47849448699235914 0.5679880244956149 -40.9765884761789 -0.7401979842151434
5.0 184 280 0.4839482161479398 0.5743081273028005 -41.31361836894298 -0.1998998049771714
5.0 185 281 0.5456111573876791 0.6435167834029575 -48.584333767942525 118.05026233643116
5.0 x 282 0.5512247158980126 0.6495200842362199 -48.584333767942525 -1.5230978361736334
5.0 186 283 0.5343552474805613 0.6313830548673284 -49.436523725970005 -1.3066231058697255
5.0 187 284 0.5374676067594937 0.6349677381769144 -49.71698938604703 -0.28887085999269146
5.0 188 285 0.5389089343256475 0.6366973163525095 -47.73626173511779 2.4086937808467326
5.0 189 286 0.5407451126289112 0.6387813704562997 -48.06379524845014 -0.2708425982023641
5.0 x 287 0.5429790098495749 0.6410379285691976 -48.06379524845014 -1.7339185462348468
5.0 190 288 0.5365238734459992 0.633863000360331 -47.88437814403035 0.2673188586563455
5.0 191 289 0.5429231540221435 0.6407929509855586 -49.38593947811647 -1.4181621700578333
5.0 192 290 0.5432728445566508 0.6408735586438022 -48.26255727292441 0.9106748752605185
5.0 x 291 0.5452981606319108 0.6430005193998128 -48.26255727292441 -0.4833145477879697
5.0 193 292 0.5415300629844397 0.6389290670879247 -48.289684027523876 0.05598083104263907
5.0 194 293 0.5413465379067106 0.6387930704635527 -48.27527289879943 -0.26619643982220254
5.0 195 294 0.5501395488424201 0.6486048851990237 -48.97110688262295 -0.6216412745726103
5.0 196 295 0.5423997207234516 0.6402250092066892 -48.15854546382407 0.8116382097440535
5.0 x 296 0.5443542763516183 0.6421054445376821 -48.15854546382407 -0.6019217608469276
5.0 197 297 0.5349696878533319 0.632215089676262 -47.321063569936314 0.9653897388980042
5.0 198 298 0.5319734707629553 0.6288824626642672 -47.38469368638503 0.05576962523037565
5.0 199 299 0.5249528733228217 0.6212639884421592 -47.83843893660621 -0.2693155625386723
5.0 200 300 0.5258447864764059 0.622040990378718 -50.62231329664827 -2.6117687347241088
5.0 201 301 0.5223693611625868 0.6180834034202904 -45.866659920775746 4.272849804252651
5.0 202 302 0.5206885782400874 0.6161973207814389 -45.77393290985002 0.16778552955562276
5.0 x 303 0.5322724752046419 0.6289105604394359 -45.77393290985002 -1.3552188931122586
5.0 203 304 0.5179446384702232 0.612893842758248 -45.53350450473116 0.28700983043358264
5.0 204 305 0.5156786544058201 0.6103863138437717 -45.2130812840242 0.30458492775691326
5.0 205 306 0.5037777561708293 0.5971916414443159 -44.06511953624969 0.9485930429514156
5.0 x 307 0.5030039217947198 0.5961154967395932 -44.06511953624969 -1.103704498534448
5.0 x 308 0.5126052259974984 0.6070803557084369 -44.06511953624969 -0.9729890652893047
5.0 206 309 0.5040132809555571 0.5973628375230702 -43.77309494755567 0.40053853041516874
5.0 207 310 0.5017180216661447 0.5947502269070696 -43.82597945521528 0.15935113229451758
5.0 208 311 0.5081561787271843 0.6020773255962379 -44.316241001613534 -0.5912907769715758
5.0 x 312 0.5147563033929168 0.6093315074166928 -44.316241001613534 -1.9375680817723548
5.0 209 313 0.5076711185659756 0.6017362024429382 -44.247610738839526 0.066902936645171
5.0 x 314 0.5104771413953384 0.604797854131173 -44.247610738839526 -0.9630815062770424
5.0 x 315 0.5119457659626966 0.6063437103980186 -44.247610738839526 -0.5227730589999382
5.0 210 316 0.5057402332566729 0.5995974266783319 -44.218376634017595 0.09093580303991189
5.0 211 317 0.5099892334355718 0.6044158516442794 -45.054321316133915 -1.197399315250344
5.0 212 318 0.5166904245903583 0.6120995132495133 -45.84777751284251 -0.8120709089530962
5.0 213 319 0.5110504053100503 0.6058595435570479 -44.626662109045796 1.3917688215020831
5.0 214 320 0.5115326370561712 0.606403654018923 -44.85171883415133 -0.029041099246470026
5.0 215 321 0.5517061931193592 0.6500773705590908 -49.922867486052226 33.413880543182515
5.0 x 322 0.5544758027096977 0.6532439371986053 -49.922867486052226 -1.9708596095768485
5.0 216 323 0.555312801890849 0.6541010349772258 -50.178439147429536 -0.29154414286551145
5.0 217 324 0.5534098760492528 0.6519819980523338 -50.22837897052331 -0.009298074421515423
5.0 218 325 0.5543658485052595 0.6527169654535229 -49.40898626076172 0.5760650506729306
5.0 x 326 0.5567682975565708 0.6550966648629174 -49.40898626076172 -0.5650924299574598
5.0 219 327 0.5538205044277161 0.6522900755713831 -49.390047225507494 -0.03066995530201666
5.0 220 328 0.5514698884509432 0.6498730660889094 -49.35579133784155 -0.04266521887824126
5.0 x 329 0.5519884546972565 0.6502827472066353 -49.35579133784155 -0.2101418363435812
5.0 x 330 0.5478249263777228 0.6461765872900522 -49.35579133784155 -1.3871592991281787
5.0 221 331 0.5569346359561805 0.6557125030760276 -49.83652185267526 -0.46751663979480185
5.0 222 332 0.552203339281762 0.6504308610736285 -49.18117690325344 0.7615503447036858
5.0 x 333 0.5478528741972128 0.6457940481341119 -49.18117690325344 -3.7001438807735454
5.0 223 334 0.5497228617555228 0.647890123267312 -49.796633484968666 -0.35014052501320236
5.0 x 335 0.5460657769001012 0.6439440227064522 -49.796633484968666 -1.2264631369658119
5.0 224 336 0.5442450875501053 0.6419627834393726 -49.57934007824284 0.27783051869302966
5.0 225 337 0.5370785860181958 0.63411585430907 -48.6212774521759 0.9722002584711618
5.0 226 338 0.5443886338772753 0.6420855921701664 -48.89924769141018 -0.37648764528596246
5.0 227 339 0.5495393122947342 0.647456722991563 -49.1780263391433 -0.34992687260753996
5.0 x 340 0.550394609348474 0.6485294651380165 -49.1780263391433 -0.4747265165858323
5.0 x 341 0.546467578686016 0.6437700447122904 -49.1780263391433 -0.9631595771086197
5.0 x 342 0.5560809503875253 0.6543731512199459 -49.1780263391433 -2.2075108741588636
5.0 x 343 0.5490424345150806 0.6471469050516467 -49.1780263391433 -2.3158733427732017
5.0 228 344 0.5467156650847067 0.6445744407529468 -48.5892811466387 0.4880699371399473
5.0 229 345 0.5398979855180642 0.6369503881253576 -48.067957170336925 0.3956217422515351
5.0 x 346 0.539809536143038 0.6368046993033053 -48.067957170336925 -1.118118013976634
5.0 230 347 0.541920579694691 0.6390245289147644 -48.0573981563951 0.12949001075253364
5.0 x 348 0.540088921131235 0.6370301934349907 -48.0573981563951 -0.8049265597183535
5.0 231 349 0.5441225051003011 0.6415525403916968 -48.48907987181529 -0.32573722561687646
5.0 232 350 0.5355395423323944 0.6322713000261425 -47.88730687355048 0.3209019522902281
5.0 x 351 0.5334313061981029 0.6297133465764135 -47.88730687355048 -2.5426114991813478
5.0 233 352 0.5366920115686762 0.6334365001333137 -48.025682524347914 -0.1513984338958494
5.0 234 353 0.539662490590489 0.6368084238714614 -48.37675832524301 -0.37281906606429516
5.0 235 354 0.5355443120795478 0.632399616757313 -48.0542621951363 0.3080612792366324
5.0 236 355 0.5315734222427231 0.628143301171272 -46.944688479587356 1.4134667439662536
5.0 x 356 0.5315629102594871 0.6281505589507154 -46.944688479587356 -1.5106150457596925
5.0 x 357 0.5353157782164011 0.6322238091596408 -46.944688479587356 -1.7400325177551963
5.0 x 358 0.5408422783500316 0.6384974481263239 -46.944688479587356 -2.9311838655659415
5.0 x 359 0.5320814194283869 0.6288025134068357 -46.944688479587356 -0.9027486731638064
5.0 237 360 0.5225227915438806 0.6184210137089426 -45.96806599025654 0.8873721702435944
5.0 238 361 0.5481174640234346 0.6461863414806782 -49.38481638144968 75.86878564286668
5.0 x 362 0.5522313559602124 0.650763398258623 -49.38481638144968 -0.6738538051870364
5.0 239 363 0.5465711401716512 0.6447359373149902 -48.68227219333623 0.5886738965339688
5.0 x 364 0.5487035003050217 0.6472532421505561 -48.68227219333623 -1.5304277482324053
5.0 240 365 0.5408863643130556 0.6385983565532065 -48.134675017897955 0.36398264507991485
5.0 x 366 0.5502664678268924 0.6488688456366695 -48.134675017897955 -4.792046318907836
5.0 241 367 0.5402272051944679 0.6379757317275955 -48.06933353838647 0.050193996351495684
5.0 242 368 0.543931021781612 0.6420576189310919 -48.926229842488894 -0.978801642315787
5.0 x 369 0.5411378654788448 0.6389176087807509 -48.926229842488894 -0.9992024500030041
5.0 x 370 0.5386022401322278 0.6363524034174303 -48.926229842488894 -2.5027382393813014
5.0 x 371 0.5461450694293136 0.6443801631871248 -48.926229842488894 -3.3345534391679905
5.0 243 372 0.5461094512734113 0.6441569086617166 -48.58580768035908 0.6221372055801169
5.0 244 373 0.542066790093809 0.6396893016431747 -48.144651307566356 0.45812869898980324
5.0 245 374 0.5492318404591039 0.6475028800587349 -49.15254504737419 -0.9738477567976105
5.0 246 375 0.5456730680795409 0.6436163198779986 -48.77446250401752 0.10163143950856579
5.0 247 376 0.5409930621979199 0.6382364181083926 -48.03581511087064 0.9837117268908528
5.0 x 377 0.5510099389509867 0.6491612416003977 -48.03581511087064 -2.8026437073138553
5.0 248 378 0.5348229643594378 0.6316029967797908 -47.524307689898365 0.5985275547199933
5.0 249 379 0.5359528053790718 0.6328402340610751 -47.47187583761094 0.00367931519368625
5.0 x 380 0.5327374032670222 0.6291579377055098 -47.47187583761094 -1.8243849795812395
5.0 250 381 0.5363971409296638 0.6335039505579949 -47.52050464828481 -0.053791275090731006
5.0 251 382 0.5334411910130052 0.6301025068228953 -47.19972644004834 0.3372041922657729
5.0 252 383 0.5317218088776201 0.6281587620361064 -46.933640846412835 0.16975772630014774
5.0 253 384 0.5287530438800216 0.6250873713909213 -46.64095078381379 0.25828918627438924
5.0 x 385 0.5342826615946381 0.6311135736716111 -46.64095078381379 -0.9066100305728355
5.0 x 386 0.5354968351961228 0.6323651137685511 -46.64095078381379 -1.914613246617435
5.0 254 387 0.5265797994047471 0.6228575259355995 -46.73908554392113 -0.20494414899855684
5.0 255 388 0.521015964350904 0.6166694829351715 -46.65431583360971 0.012478984603070842
5.0 256 389 0.5245535603199182 0.6208813576080777 -46.305691468909586 0.4810725349591536
5.0 x 390 0.5275428447384731 0.6242734460576874 -46.305691468909586 -0.723854777290839
5.0 257 391 0.5209374274985608 0.6169058857358108 -45.85059051787174 0.48387277563660547
5.0 x 392 0.5243726131883892 0.6208897008245581 -45.85059051787174 -0.7103431211709932
5.0 258 393 0.5150052490254289 0.6102437000504841 -45.05035617308814 0.8769400187739649
5.0 x 394 0.5108336073320686 0.6055925281629846 -45.05035617308814 -0.5659786829277138
5.0 x 395 0.5193686729415865 0.6150857090071652 -45.05035617308814 -0.6821543621738186
5.0 x 396 0.5228676621347045 0.619128918991503 -45.05035617308814 -1.437701146889566
5.0 259 397 0.5179727113409839 0.6139385290327575 -45.380028399018286 -0.25807207566895585
5.0 260 398 0.5157252780548324 0.6114625198074617 -45.20023372051601 0.07001328595412559
