7.0 x 0 0.5377838964067219 0.6349254079475675 -71.47021956524543 -26.30396036036168
7.0 x 1 0.5521417532299063 0.6505864202488267 -71.47021956524543 -2.934825950715556
7.0 1 2 0.545576865539843 0.643470025726956 -66.87487975573556 4.544540064264353
7.0 2 3 0.5442799275925793 0.6420516986619207 -50.72251451265025 15.831352517092142
7.0 x 4 0.5426115777782429 0.6399770824712562 -50.72251451265025 -31.297310232161294
7.0 3 5 0.5397759950423943 0.6368417633031559 -49.29915197983233 1.4151601217365481
7.0 4 6 0.536791214139134 0.6337186858950647 -44.4567269004029 4.714891289517944
7.0 5 7 0.5268041479198621 0.6224254270817876 -40.33389580780365 4.031753215729047
7.0 6 8 0.5270623590829975 0.6226276300915544 -37.11508122264708 3.053716660637356
7.0 7 9 0.5210762084100347 0.6161821293553902 -33.02099247630183 3.7342983988522036
7.0 8 10 0.5206150794559277 0.6156599535572811 -33.30768088453913 -0.21701585860025574
7.0 x 11 0.5272517305495844 0.6231042349386594 -33.30768088453913 -5.312423386351284
7.0 9 12 0.5119649146340376 0.6058133854979602 -33.210206722701805 0.21528549176160539
7.0 x 13 0.516267360557598 0.6105279413207013 -33.210206722701805 -1.2726984054491268
7.0 10 14 0.51842054183693 0.6126054169412205 -33.3676393038645 -0.23757791946736262
7.0 x 15 0.528220952403961 0.6235783827471572 -33.3676393038645 -4.507959336292124
7.0 11 16 0.515923357722065 0.6099508050733016 -34.090841962226456 -0.6016490872574352
7.0 12 17 0.5047693707948513 0.5975670936828106 -35.30930176850059 -1.0094358059176756
7.0 x 18 0.5039042549657123 0.5965513487345899 -35.30930176850059 -2.6954170270099738
7.0 13 19 0.5016890082512182 0.5939323008500109 -31.18809767620706 3.4546756710706354
7.0 14 20 0.4919252925998692 0.5829395170319812 -30.97045878013441 0.09577264992412893
7.0 15 21 0.48761303865715555 0.5779744301034174 -32.26841880643242 -1.522265512108195
7.0 16 22 0.4883860716729484 0.5786807628580727 -32.27803507028529 -0.00932728347964229
7.0 17 23 0.4911896506266663 0.58167489588009 -31.045348752353537 1.432945160734402
7.0 18 24 0.4910980667660593 0.581466461623123 -31.224727690690628 0.43824278257065785
7.0 x 25 0.4900576719601538 0.5806252290849815 -31.224727690690628 -1.5097967148915714
7.0 19 26 0.4904305464609944 0.5808376036408349 -30.184736574323722 0.8472855654768949
7.0 20 27 0.4852150260730013 0.5751347703657653 -30.005165740743966 0.2891366276221099
7.0 x 28 0.49337923963385405 0.5842294415605631 -30.005165740743966 -1.233963315112522
7.0 x 29 0.48233872044124804 0.571963987568865 -30.005165740743966 -3.1419492688574913
7.0 x 30 0.4923955970631855 0.5831781425810594 -30.005165740743966 -0.6987418686505755
7.0 x 31 0.4785116394027936 0.5673851645997998 -30.005165740743966 -3.606487531684383
7.0 x 32 0.48931383660849487 0.5796822436099887 -30.005165740743966 -1.4375025756787991
7.0 x 33 0.4921338540849377 0.5830341840604045 -30.005165740743966 -2.798551264934357
7.0 x 34 0.4908256291772524 0.5815015453111854 -30.005165740743966 -1.0303483132673215
7.0 21 35 0.49019679668639116 0.580646603623002 -30.34479532898943 -0.7114983244439728
7.0 x 36 0.4961797664586644 0.5871804470600377 -30.34479532898943 -2.575714576548851
7.0 22 37 0.4902144966140678 0.5803730443798848 -30.18303903838161 0.44535796964472496
7.0 23 38 0.49060129317024326 0.5808621046977812 -30.204345143519976 -0.026722718816181157
7.0 24 39 0.4910911409434544 0.5813846908210041 -30.14966829594774 -0.09624378697927582
7.0 25 40 0.49040588122008205 0.580585338742818 -30.58994639275399 -0.6317952085511997
7.0 26 41 0.5529029574157359 0.6515198526575253 -36.38396318536423 35.37126842300285
7.0 27 42 0.5494109268415011 0.6473726865964893 -34.91286169582868 1.179385394810133
7.0 x 43 0.5495120600524517 0.6473163231221436 -34.91286169582868 -0.8430876682760342
7.0 x 44 0.5554042337957739 0.6539408623567996 -34.91286169582868 -4.033919174540799
7.0 28 45 0.5526410310070059 0.650796184930371 -35.462366703678214 -0.7463542723831296
7.0 29 46 0.5588390045723757 0.6576203806432889 -35.69752499811422 -0.014745675126683011
7.0 30 47 0.558500682459476 0.6573088315457922 -35.931943315893605 -0.49364646223329345
7.0 31 48 0.5547651870384033 0.6529819643514975 -35.33379741388155 0.8288629153302836
7.0 x 49 0.5552796411486942 0.653699599615887 -35.33379741388155 -1.962954301447354
7.0 32 50 0.5548216019561377 0.6526400634780212 -35.4794187211811 -0.06997858486125352
7.0 x 51 0.5614283467881441 0.660036289151221 -35.4794187211811 -1.2737522803852954
7.0 33 52 0.5583060582745409 0.6565238036154246 -35.97807097525229 -0.8324767078921553
7.0 34 53 0.5532806624777252 0.650907578147659 -35.3110065066435 0.7744975098631386
7.0 35 54 0.5570152130657252 0.6550234119894435 -35.512960938464424 -0.07997768188447196
7.0 x 55 0.5565916553429511 0.6542397799621089 -35.512960938464424 -0.45172592365801734
7.0 36 56 0.5542491245531864 0.6522652497308731 -35.305074382343676 0.13420558128571258
7.0 x 57 0.5481424816818576 0.645823013268622 -35.305074382343676 -1.758446610335902
7.0 37 58 0.5516212450143807 0.6493181504056882 -35.0896069760074 0.24420403385559553
7.0 x 59 0.5464104620291441 0.6436295289546903 -35.0896069760074 -1.0404711910201243
7.0 x 60 0.5508054332381115 0.6485058580678915 -35.0896069760074 -0.35340327205015853
7.0 38 61 0.5494350584757486 0.6466402109747038 -35.15699872836361 -0.18599543472478786
7.0 x 62 0.5545908623572637 0.6525956799549677 -35.15699872836361 -2.460571321820076
7.0 39 63 0.5509869454880255 0.6485984085701169 -35.08018048680865 0.29304884164883305
7.0 40 64 0.5523580376301629 0.6501223269235614 -35.1811047332211 -0.23391559839123488
7.0 41 65 0.5517125874986252 0.6493336816817623 -35.17471832773658 0.155896490440675
7.0 42 66 0.543404463734407 0.6401058187386575 -34.52883803031561 0.5022986551184943
7.0 x 67 0.5504947929839091 0.648047231221797 -34.52883803031561 -3.7075549922695927
7.0 43 68 0.5404153179496552 0.6369135313308003 -34.222500948790085 0.4432392409367978
7.0 44 69 0.5368300075253198 0.6331084808918309 -34.22070481012288 -0.1908128355018448
7.0 45 70 0.5347362964646304 0.6309428653507425 -34.178991714106076 0.01712631091177741
7.0 46 71 0.5191394778175902 0.6139427866931549 -35.049257110879566 -1.1345722802765863
7.0 x 72 0.5256219960866048 0.6211522063519058 -35.049257110879566 -1.7921511255258693
7.0 47 73 0.5114978801847292 0.6054192250529439 -32.22937425648324 3.1894993690921893
7.0 48 74 0.5125416232702787 0.606538045428823 -32.014485819612155 0.32197638630893266
7.0 49 75 0.5079288679204699 0.6013641482337121 -31.855411259398938 0.086356968767209
7.0 50 76 0.5064688044962782 0.599949790229875 -31.44587527829475 0.5711309181552657
7.0 51 77 0.5045740135935164 0.597680763770892 -31.43074945444906 0.1366649231341448
7.0 52 78 0.5045790095376164 0.5975618104622216 -31.290362881338403 0.04998770540469977
7.0 x 79 0.5088883026439935 0.6022023831585881 -31.290362881338403 -1.639645355580484
7.0 53 80 0.5042229404628951 0.5970308053983603 -31.827863124455202 -0.7977143370250666
7.0 54 81 0.5515930840245518 0.6498412993953298 -35.10736843860712 36.40731364357821
7.0 55 82 0.5512990701023424 0.6494060447054968 -35.14508875380867 0.11969484737940661
7.0 56 83 0.5524515247110633 0.6504488788365865 -35.815203328817866 -0.5271571300988711
7.0 57 84 0.5506987351889016 0.6486122132236517 -35.64709959122569 0.16147439926339757
7.0 x 85 0.5447501534177333 0.6419886299935064 -35.64709959122569 -0.47061363831384995
7.0 58 86 0.5464890972179397 0.6437884258176663 -35.22940124015194 0.41815185741451444
7.0 59 87 0.5443795141975024 0.6415161606947108 -35.097879133235956 0.13464261890933926
7.0 60 88 0.5451290357195921 0.6424070555212021 -36.17801618444428 -0.9544302615284721
7.0 61 89 0.5412557190306037 0.6380272066329343 -35.06033222484243 1.0222936489919903
7.0 62 90 0.5321640611635825 0.6278565744566693 -33.713339292364836 1.2352979547855227
7.0 63 91 0.5327684284443823 0.6281128748231618 -34.07880656644688 -0.2743241567643935
7.0 x 92 0.5397383103708402 0.6356152186059383 -34.07880656644688 -1.009500913482718
7.0 x 93 0.5299445127896137 0.6248240251305981 -34.07880656644688 -1.65598462823219
7.0 x 94 0.536170260102193 0.6319619303779997 -34.07880656644688 -7.430715460282784
7.0 64 95 0.5240301854495049 0.6180441018219663 -32.900893975023685 1.0306880965229723
7.0 65 96 0.5267135864461214 0.6211816092337398 -33.174158396741504 -0.37684805075871
7.0 66 97 0.521390316592587 0.6152452704089757 -33.164548705188714 0.3148693678860255
7.0 67 98 0.5067400957654655 0.5991503135853816 -31.91625116767016 1.298936183923793
7.0 x 99 0.5152034189454908 0.6086603374487248 -31.91625116767016 -3.241730965569687
7.0 x 100 0.5159489227734025 0.6094587777451561 -31.91625116767016 -1.3534386688534994
7.0 68 101 0.5066812242318827 0.5990407004681882 -31.534344846279378 0.26739300808023714
7.0 69 102 0.5051798997807413 0.5974189007707269 -32.79051949507619 -0.9830974131510111
7.0 70 103 0.504319958651847 0.5966643788373893 -32.33890481247851 0.40522390551715404
7.0 71 104 0.5033371526092715 0.5956692710464684 -31.246032741279976 0.719455430313019
7.0 72 105 0.4986417512882116 0.5904246883624988 -30.782235994758796 0.560885169169989
7.0 73 106 0.48851702479288167 0.5789678029586733 -29.923421755296342 0.9358844659133254
7.0 74 107 0.48487450353308315 0.5747866517269626 -30.403091171168416 -0.23990055121392118
7.0 x 108 0.4734723806930424 0.5617918297422887 -30.403091171168416 -1.5119135518271456
7.0 75 109 0.4838238770359177 0.5736878062808347 -30.243316693717095 0.1656137891264038
7.0 76 110 0.48868957947495806 0.5793442140033536 -30.41152783415192 -0.22752108494151813
7.0 77 111 0.48920448123691335 0.5800547534759076 -30.169777540795362 0.16324941394615777
7.0 x 112 0.49327227123258477 0.5845906138540394 -30.169777540795362 -1.8540159572252612
7.0 78 113 0.48568221326042027 0.5760862442340905 -29.960922437821278 0.248308348247825
7.0 79 114 0.48685482312905237 0.5770807178429647 -29.991933382005584 -0.3522786330157679
7.0 x 115 0.4963439164285351 0.5878801714800215 -29.991933382005584 -2.3971699038216343
7.0 80 116 0.49769399931490066 0.589368605982998 -30.725667803459853 -0.6801384609277754
7.0 81 117 0.49137477160763104 0.5823483567689162 -30.49894849643476 0.12433885686517243
7.0 x 118 0.4960315770836318 0.5874877883290712 -30.49894849643476 -0.6323254343187763
7.0 82 119 0.4950609315817152 0.5863696037993156 -31.18411924780364 -0.7765158316429606
7.0 83 120 0.4953164582749446 0.5866430016300682 -30.514353312663648 0.9829735641799644
7.0 84 121 0.5486959897228061 0.64679569194052 -37.212481267858735 34.43369299262925
7.0 x 122 0.5547437585358752 0.6532816188841672 -37.212481267858735 -0.421744095177516
7.0 x 123 0.5457467689917814 0.6433428077983337 -37.212481267858735 -0.610581393834245
7.0 85 124 0.5507454332652503 0.6489104338450139 -37.793526008348366 -0.5540431246947648
7.0 x 125 0.5470137791754266 0.6446333730400634 -37.793526008348366 -8.965421172289396
7.0 86 126 0.5538858064884988 0.652467946894035 -35.47188781352411 1.975382629569765
7.0 87 127 0.5625176356861278 0.6619681669159899 -36.942296400256396 -1.3489644208584934
7.0 88 128 0.5595717883296807 0.6589621029644246 -36.430512339482746 0.49062526226025227
7.0 89 129 0.5573268062588214 0.656329424335572 -36.46198971730342 0.004952665423324731
7.0 90 130 0.5569544522256026 0.6558077439086003 -36.333424284338555 0.11817194188129321
7.0 x 131 0.5477093472886246 0.6456375630267799 -36.333424284338555 -6.815322957525595
7.0 x 132 0.5538575492813033 0.6527585189011443 -36.333424284338555 -1.6794160497511257
7.0 x 133 0.5617349305076365 0.6612721580436658 -36.333424284338555 -0.1151158265543728
7.0 91 134 0.5647803402161293 0.6642288561810781 -38.30086406996885 -1.8394200476239106
7.0 92 135 0.5681569675765363 0.6676951230353474 -36.41889721803047 1.530883491575004
7.0 93 136 0.5704997229791361 0.670208506899063 -36.5133737514499 -0.18603518358016657
7.0 94 137 0.5732184010401778 0.6730265305012119 -36.71674431288398 -0.22473969147458916
7.0 95 138 0.5807520892520394 0.6811629000325133 -37.27490147251375 -0.5686715235947375
7.0 96 139 0.5785263582883702 0.678570533970661 -37.12085127070053 0.17632364462112804
7.0 97 140 0.572975666877588 0.6725952153648415 -36.78515446832065 0.40144542390062554
7.0 98 141 0.5785769486843749 0.6787771938368802 -37.11190596379807 -0.4310075502238604
7.0 99 142 0.575524929024422 0.675234215130212 -36.94201897698421 0.25324655778307203
7.0 x 143 0.5800351055592335 0.6802963729490321 -36.94201897698421 -0.8187994140560519
7.0 100 144 0.5809995920291592 0.6810537339947366 -37.42765699337091 -0.685445180709273
7.0 101 145 0.577588090270831 0.6775185539000672 -37.04070517152583 0.5018310757958915
7.0 102 146 0.5761098335072842 0.6761265296706546 -37.1691145418474 -0.27264770556691076
7.0 103 147 0.5757471864601921 0.6758292555420581 -36.99849316143029 0.23069848683007166
7.0 x 148 0.580303197041041 0.6807468294801721 -36.99849316143029 -0.7693564899576018
7.0 104 149 0.5765932087920752 0.6766435262916357 -36.9948182238875 0.14983948503196842
7.0 x 150 0.5756210700380129 0.6757566861072376 -36.9948182238875 -0.6425658066923745
7.0 105 151 0.5694363434800283 0.6689189383924327 -36.577591863232506 0.5084300308883627
7.0 106 152 0.5671882018439719 0.6662016877328829 -36.34654398182854 0.040494676995997736
7.0 107 153 0.5639494472463443 0.6626259408640441 -36.10617610828398 0.24470047978682175
7.0 108 154 0.5650214115757871 0.6640405122187172 -36.13527938946463 0.10551258129451213
7.0 x 155 0.5732181377514273 0.6729469153026061 -36.13527938946463 -1.4884536322121704
7.0 109 156 0.5646600487473928 0.6637408396772374 -36.486667257191684 -0.20989827748097412
7.0 110 157 0.5627611376241454 0.6618498284463273 -35.974386690403534 0.2675928003786794
7.0 111 158 0.5621789933718679 0.6614472944942905 -36.34695996556291 -0.5218711431019685
7.0 112 159 0.5580944933198567 0.6569184222765997 -35.5827762230589 0.9828492712457617
7.0 x 160 0.5573906391602035 0.6562330291617213 -35.5827762230589 -2.4886092545670877
7.0 113 161 0.5508287399098986 0.6492553895915657 -35.29741911669964 36.368389848366164
7.0 114 162 0.5509752158763749 0.6494441260354219 -35.073509958157615 0.13024588170674178
7.0 115 163 0.5536910101405226 0.6523435762610255 -35.47999359376228 -0.62343369317324
7.0 x 164 0.5553365606313625 0.653834304546534 -35.47999359376228 -0.5207968581490903
7.0 x 165 0.5529692987107432 0.6515958390435399 -35.47999359376228 -1.046675666821244
7.0 116 166 0.5532395597827251 0.6517105502527151 -35.20559548385991 0.43758091201044635
7.0 x 167 0.5536895501809024 0.6525157596013801 -35.20559548385991 -1.1035526181602577
7.0 x 168 0.5509372074975308 0.649020808030547 -35.20559548385991 -0.3286072588445563
7.0 117 169 0.5477461104814713 0.6458895223125755 -34.862948077785084 0.2684175504859212
7.0 118 170 0.5467433786262191 0.6445994365188946 -34.8089489612352 0.2505174401863286
7.0 x 171 0.5565480812714452 0.6551217535384827 -34.8089489612352 -0.912935915665706
7.0 119 172 0.5450138178933059 0.642677567217582 -35.019587905278804 -0.102282891128894
7.0 120 173 0.5422604235796425 0.6395608213963895 -34.43616112532104 0.4846808872420567
7.0 121 174 0.5408300738265365 0.637974891953036 -34.32559533752714 0.1254145043076278
7.0 122 175 0.5359855708650089 0.6328899453596109 -34.097177898752854 0.0028434261439471697
7.0 123 176 0.5324755622427146 0.6290974046720638 -34.007781164225996 0.048589516899205876
7.0 x 177 0.5241214085169231 0.6197577373449854 -34.007781164225996 -1.772738045941189
7.0 x 178 0.5271116940047197 0.6230233896536159 -34.007781164225996 -3.01570714215989
7.0 124 179 0.5237292980114758 0.6197350718808419 -33.58874250952728 0.3952862249097535
7.0 125 180 0.5187852361213109 0.6142445417568582 -32.98760747643396 0.6563314903710591
7.0 126 181 0.5234848749626506 0.6194667737270144 -33.80454611633495 -0.9208281326631038
7.0 x 182 0.5231333619108519 0.6190675160670964 -33.80454611633495 -5.126770103317938
7.0 127 183 0.5191791923059761 0.6147516667410629 -33.00759926351344 0.8962232101952523
7.0 128 184 0.5183714381861135 0.6140323353120372 -32.74185276956514 0.32433828337057946
7.0 129 185 0.5142381125876211 0.6093795903192638 -32.88577580993668 -0.2457271159163099
7.0 x 186 0.5093208682149121 0.6038738809294566 -32.88577580993668 -1.5356629866119675
7.0 130 187 0.5173504574205852 0.6128355731246522 -33.388062099179706 -0.5521727686765274
7.0 x 188 0.5212685062967995 0.6172952722668583 -33.388062099179706 -0.055389140096835376
7.0 x 189 0.5296746238023023 0.6264500209918991 -33.388062099179706 -1.2808109698513732
7.0 x 190 0.5115057142924354 0.6060426519003501 -33.388062099179706 -0.7000363299843144
7.0 131 191 0.5220631758086958 0.6181606265473881 -34.01511484182954 -0.6870118559915781
7.0 x 192 0.5225946803007895 0.6188276236574836 -34.01511484182954 -1.687880955554455
7.0 132 193 0.515885273257623 0.6111656150750767 -34.831255304275416 -0.9679281717473742
7.0 x 194 0.5185953508032435 0.614294695733129 -34.831255304275416 -0.7283552184961479
7.0 x 195 0.5082799027447773 0.6026332780450123 -34.831255304275416 -0.6800850061744654
7.0 133 196 0.5115709739109237 0.6064843762018979 -32.21504181693252 2.986767023058988
7.0 134 197 0.5033411771446196 0.5970970659346926 -33.237398164912655 -1.2795957574787167
7.0 x 198 0.4996126237271994 0.5928542257811235 -33.237398164912655 -1.8704255243834567
7.0 x 199 0.5155731895951128 0.6109389970199065 -33.237398164912655 -1.8449476647584575
7.0 135 200 0.5082851972278523 0.6029370889157141 -31.647635474786835 1.9703198924356933
7.0 136 201 0.5508025507366877 0.6493705679604515 -35.26301677500617 35.94583026194045
7.0 137 202 0.5473841666577193 0.6457553261482976 -35.188458811999986 0.041395105661614195
7.0 138 203 0.5465023875128043 0.6446279941461525 -34.79445974455627 0.5016449799731006
7.0 x 204 0.5468096968033599 0.6450151361357579 -34.79445974455627 -1.8005483643577236
7.0 139 205 0.5469914385006038 0.6451595011486074 -34.90638081021468 -0.1484314516173697
7.0 140 206 0.5383359466470556 0.6358397892573232 -34.04968301349275 1.0529569011524913
7.0 x 207 0.5433647152184754 0.6413669092818366 -34.04968301349275 -0.5026637185237774
7.0 141 208 0.539342835058419 0.6368458732205915 -34.138030807999364 -0.07411314108511391
7.0 142 209 0.5391244500872472 0.6366813884802001 -34.360153520326136 -0.1040950781350034
7.0 x 210 0.5358333427806715 0.633150419944158 -34.360153520326136 -0.3855143640720655
7.0 143 211 0.5324294861268278 0.6292074574122037 -33.77021909656884 0.5976057086417583
7.0 144 212 0.5297373439928528 0.6261036959928863 -33.910476000825156 -0.042799146676358646
7.0 145 213 0.5182134244405815 0.6133465544155018 -33.31490780440746 0.6979918909980043
7.0 x 214 0.5199114686568257 0.6151785866573153 -33.31490780440746 -1.1454547983692365
7.0 146 215 0.5144518164759818 0.6091069171011567 -32.11108226877191 0.9507670563500668
7.0 147 216 0.5140572110867929 0.6089076333407807 -32.148751714575155 -0.12008701540464983
7.0 148 217 0.5198840248052131 0.6155187270982394 -32.60632691973683 -0.46784507422799493
7.0 149 218 0.5248373213745136 0.6211453362601271 -33.05242224019886 -0.485725665472188
7.0 150 219 0.5251567220849532 0.6214502168648748 -33.03394309714788 0.054352785395536785
7.0 151 220 0.5264175379606153 0.6230106634746626 -33.12192248093188 0.028211008892938594
7.0 152 221 0.5212081744179239 0.6172151174473879 -32.668442747849745 0.4065876171315068
7.0 153 222 0.5184917008859411 0.6139685397699889 -33.04026176374706 -0.11783732764591548
7.0 x 223 0.5192522663143054 0.6151099179037963 -33.04026176374706 -0.31539602921169063
7.0 154 224 0.5189103837425076 0.6144973582881248 -32.47838539876188 0.3306289935496096
7.0 x 225 0.5243846982424802 0.6205125210027679 -32.47838539876188 -2.552229867082694
7.0 155 226 0.5146036663891972 0.6094840937921373 -32.22351893110534 0.36432856273125225
7.0 156 227 0.5125690458497527 0.6072650388383155 -32.45327413079629 -0.12463965883453909
7.0 157 228 0.5124959366943413 0.6072360056404275 -32.06323658478777 0.28265639871251835
7.0 158 229 0.5161513588816782 0.6112193999907886 -32.64892294572642 -0.5015535336444543
7.0 159 230 0.5122228434631225 0.6068188569908993 -33.36200849164172 -0.5402109936704065
7.0 160 231 0.5021048601103041 0.5955315233504805 -31.155043158768915 1.975469300270941
7.0 161 232 0.4957104468885422 0.5884916531361571 -30.886139211388322 0.3779690074212141
7.0 162 233 0.49998755080231977 0.5933345449127321 -33.48885238488034 -2.339106284622286
7.0 163 234 0.5012540031025108 0.5946597147052589 -33.46076117580877 0.013080292545687655
7.0 x 235 0.4992586957167865 0.5924104196005352 -33.46076117580877 -1.1836545133879994
7.0 x 236 0.5033179153651832 0.59698722154145 -33.46076117580877 -1.908620530695373
7.0 164 237 0.49628660542243913 0.5891782583271101 -31.752791345672357 1.5900486291683578
7.0 165 238 0.4972949922625456 0.590352622670916 -31.15485469503066 0.493052698574008
7.0 166 239 0.48764191547765506 0.5791588080530637 -30.76621815268691 0.49837039851123066
7.0 167 240 0.49026058807697287 0.5822552531712931 -30.252774045925158 0.3522635448135816
7.0 168 241 0.5485794102187806 0.6467738634279662 -35.118712740665096 36.13017424480717
7.0 169 242 0.5470547075401632 0.6452110167946619 -34.916967033805975 -0.09295177029628121
7.0 170 243 0.5511560415715303 0.6501858281134771 -35.08127112364014 -0.10843509177874466
7.0 x 244 0.5554002871665963 0.6546872577376737 -35.08127112364014 -0.7597420099948806
7.0 171 245 0.5522266755213477 0.6512205000319715 -35.665366987266495 -0.7565422722209192
7.0 x 246 0.5542000366359148 0.6533112648669523 -35.665366987266495 -1.5543964790005873
7.0 x 247 0.5545901508806357 0.6541411111729586 -35.665366987266495 -1.4439886588177444
7.0 172 248 0.5492252287306603 0.6478814567803951 -35.079161813611414 0.6917870572925793
7.0 173 249 0.5400731678859352 0.6378847034410565 -34.19614487346153 1.0910431189518874
7.0 174 250 0.5365373288301573 0.6342210276883117 -34.065355938198046 -0.015159979901660847
7.0 x 251 0.5401278640965881 0.6382100862759763 -34.065355938198046 -0.19739313192558683
7.0 175 252 0.5303049173524655 0.6272279725823171 -33.47713289837807 0.8370879201650467
7.0 176 253 0.5257501017267171 0.6217134926969934 -33.141012159415446 0.17420546485667643
7.0 177 254 0.5135630567746233 0.6081380816197857 -32.04298830943481 1.2172686100970225
7.0 178 255 0.5165135556289678 0.6116814907817297 -32.28278807542832 -0.21392639285885906
7.0 179 256 0.5061612814368098 0.6000306165486566 -31.966683779034376 0.5684022411530663
7.0 x 257 0.5101248039971584 0.6043253042446242 -31.966683779034376 -4.694751996097565
7.0 180 258 0.5102308503225992 0.6049002858243471 -32.41695110371047 -0.4462653216999115
7.0 181 259 0.5033335229631221 0.5971325069126536 -31.20893149579977 1.0501621637348144
7.0 182 260 0.4944787862780927 0.5870220314688593 -30.62159502783395 0.4300214270767384
7.0 x 261 0.4910425588187636 0.5830879681768316 -30.62159502783395 -0.9068961026845699
7.0 183 262 0.48669406050196123 0.5780324406478612 -30.045221415183352 0.5802076312181867
7.0 184 263 0.4935138445500197 0.5856033346344117 -30.44983050034123 -0.1714355463132371
7.0 x 264 0.5033557970681106 0.5966120103984387 -30.44983050034123 -1.4812689105516519
7.0 x 265 0.4823236950239882 0.5728760546459036 -30.44983050034123 -0.3463376071097777
7.0 x 266 0.4898689700431164 0.5812468010202032 -30.44983050034123 -1.7370931331410873
7.0 x 267 0.5000902280450717 0.5933094296616168 -30.44983050034123 -1.7502047348614127
7.0 x 268 0.4965438275048604 0.5889046216836041 -30.44983050034123 -0.39676549833656694
7.0 x 269 0.4978482910384517 0.590535050494277 -30.44983050034123 -1.8586078949310973
7.0 185 270 0.48697882431401524 0.578227254075162 -30.018860118085843 0.19205274774505554
7.0 x 271 0.4952792571837618 0.5874916789306457 -30.018860118085843 -0.42654475323898566
7.0 x 272 0.48880523906246176 0.5802249533999716 -30.018860118085843 -0.7472567100302534
7.0 186 273 0.47990920661059905 0.5703387322421318 -29.153462337180972 1.0650442828745739
7.0 x 274 0.4870216149817049 0.5785378369394764 -29.153462337180972 -1.2744433243799875
7.0 187 275 0.4767083414982133 0.5666634843302795 -30.468605466260055 -1.7208511441384005
7.0 188 276 0.4707590330817631 0.5598372626011242 -31.00906456021104 -0.6436042856146358
7.0 x 277 0.4674268662913044 0.5559600345292203 -31.00906456021104 -1.3046447502555232
7.0 x 278 0.4701101936315448 0.5589620516701023 -31.00906456021104 -3.564165418023723
7.0 x 279 0.47732663668037156 0.5673620100788878 -31.00906456021104 -0.3184967748984704
7.0 189 280 0.4764729826942153 0.566490878365301 -30.217575376919903 0.9289336961327059
7.0 190 281 0.5456111573876791 0.6435167834029575 -35.32360918152914 35.986330187289646
7.0 191 282 0.5512247158980126 0.6495200842362199 -35.132616869166235 0.3478106920177808
7.0 x 283 0.540210060597836 0.6377057834369293 -35.132616869166235 -2.5876769917170392
7.0 192 284 0.5540188239972723 0.6527294753515138 -35.33890737196011 -0.21467119256553246
7.0 x 285 0.5554318546309828 0.6544188481590654 -35.33890737196011 -1.080860369941682
7.0 193 286 0.5557274115945257 0.65465802498124 -35.40049707569414 -0.004826916990985808
7.0 194 287 0.5577922248431607 0.6566986955000979 -36.103885399727474 -0.46791009617285084
7.0 195 288 0.5539835229609272 0.6522633450878138 -36.25555979658761 -0.06427860305662136
7.0 196 289 0.5597498761240326 0.6584208312935161 -37.621335377553194 -1.2823566197541894
7.0 197 290 0.5600817299015932 0.6584609649402564 -36.117313949172285 1.2906335813505407
7.0 198 291 0.5619824392116601 0.660423839524624 -36.82011149547471 -0.6121190356818289
7.0 199 292 0.5601981272882731 0.6584701834062453 -37.25844643099632 -0.35506954247503586
7.0 200 293 0.5599737338530516 0.6582872950917106 -35.7926221866144 1.185417926729464
7.0 x 294 0.5679695752059637 0.667116773544645 -35.7926221866144 -0.8364453150998585
7.0 201 295 0.5525952908881805 0.6503641074850008 -35.194505453098216 0.5972115312816086
7.0 x 296 0.5544710582523942 0.6521249758240167 -35.194505453098216 -1.1165983533920425
7.0 202 297 0.5456469200799743 0.6429283069070334 -34.937118846633766 0.3856680390589915
7.0 203 298 0.5427852481469142 0.639762981464942 -35.360716939036074 -0.30449163198792206
7.0 x 299 0.5358420882797358 0.6323427476462907 -35.360716939036074 -0.6991074832921385
7.0 x 300 0.5437513782263763 0.6405677598665804 -35.360716939036074 -1.6490451014583911
7.0 204 301 0.5393102912416196 0.6358574308621868 -34.52131139109377 0.35669500508311813
7.0 205 302 0.5376192244929203 0.6339645324219255 -34.152682434934256 0.4435722423160655
7.0 206 303 0.5484965350205422 0.6457361416493017 -35.35228929277181 -1.3407930590702222
7.0 207 304 0.54619944638999 0.642967167428707 -35.06031607790756 0.33850466216830455
7.0 208 305 0.5443685944642581 0.6409754106026208 -34.987629503778194 0.056881687672479586
7.0 209 306 0.5338850062463103 0.6296859926274774 -35.603664466576404 -0.8146617716961444
7.0 210 307 0.5330355789678176 0.6285339520180641 -36.97192125444798 -1.5341314195139262
7.0 211 308 0.5407244548105229 0.6369412267005691 -34.9323961191692 2.362664499314249
7.0 212 309 0.5410472789041888 0.6371698128132364 -34.51633677979235 0.5245576169015251
7.0 213 310 0.5394128304230105 0.6353666806081673 -34.15194403584901 0.5759753852651883
7.0 214 311 0.5451727146230183 0.6417505103494043 -34.59024833477809 -0.5385742680404135
7.0 215 312 0.5508585468952519 0.6477472946313173 -35.39798376844545 -0.6182997834650834
7.0 216 313 0.5505902020119345 0.6477404369716129 -35.36030264003609 0.03581277211463885
7.0 217 314 0.5532451047686862 0.6504903553339713 -35.26585917487241 -0.17276713887954287
7.0 218 315 0.5568424389624843 0.6541361761128904 -35.76141099489296 -0.599295673072028
7.0 219 316 0.5552188050223147 0.6524746177440439 -35.46934013883629 0.3531732025219654
7.0 x 317 0.5589349932892499 0.6565808868694716 -35.46934013883629 -2.4189638263211677
7.0 x 318 0.560695911994229 0.6586362894948307 -35.46934013883629 -0.4567955023868677
7.0 220 319 0.5504233789066981 0.6474097402025176 -35.01133076189139 0.6283565229881418
7.0 x 320 0.5510144854369253 0.6481571074471247 -35.01133076189139 -0.4766017823293609
7.0 221 321 0.5517061931193592 0.6500773705590908 -35.08732535793203 36.37747552925674
7.0 x 322 0.5544758027096977 0.6532439371986053 -35.08732535793203 -0.3772500130312082
7.0 222 323 0.555312801890849 0.6541010349772258 -35.368515717077756 -0.31716284063392663
7.0 223 324 0.5534098760492528 0.6519819980523338 -35.221137624299395 0.18801984145061823
7.0 224 325 0.5543658485052595 0.6527169654535229 -35.77481880064056 -0.7970088354298213
7.0 225 326 0.5567682975565708 0.6550966648629174 -35.50458653871289 0.42612571647624264
7.0 226 327 0.5562003967691259 0.6546456249698952 -35.550309699289656 -0.09545866508000955
7.0 227 328 0.5538658517349274 0.6522545962243521 -35.61306623196708 -0.13964523447236843
7.0 228 329 0.5543385021580929 0.6526095359576543 -35.76644168629171 -0.1851094327127143
7.0 x 330 0.5507703528380984 0.6490103622969764 -35.76644168629171 -1.3751265932776633
7.0 x 331 0.5596704558752353 0.6583005683643398 -35.76644168629171 -0.2705810270057185
7.0 229 332 0.5495188524763857 0.6472287612247125 -35.10580530915189 0.767240281156532
7.0 x 333 0.544970810530074 0.6423606692041574 -35.10580530915189 -3.7144130247525737
7.0 230 334 0.547293852466004 0.6449576923407785 -34.90141093640228 0.46947609777221544
7.0 x 335 0.5439369294836879 0.6413285942480665 -34.90141093640228 -0.3312748651071331
7.0 231 336 0.5417847390684897 0.6389824288672844 -34.609776703236726 0.35152784629970313
7.0 232 337 0.534656218070719 0.631158517715259 -33.98179701342799 0.6419025013104616
7.0 233 338 0.5418704263114886 0.6390289784766147 -34.380255065519535 -0.4968639632669749
7.0 234 339 0.5469927499842426 0.6443799798004579 -34.72630631535366 -0.41747111826085614
7.0 235 340 0.5477427478866418 0.6453437353299182 -34.89010811385713 -0.08322441872982722
7.0 236 341 0.5447203528909452 0.6416946610812839 -35.54349278938996 -0.44896954279212764
7.0 x 342 0.5516811227568097 0.6490684052237004 -35.54349278938996 -2.525425460437525
7.0 x 343 0.5442862925943543 0.6414811290063377 -35.54349278938996 -2.8893093896591324
7.0 237 344 0.5417386893900066 0.6386447936519105 -34.67051096064928 0.7723292313587464
7.0 238 345 0.5348019057131873 0.6308845351770063 -33.76944045812842 0.7760805144880507
7.0 x 346 0.535036379661939 0.6310831714928832 -33.76944045812842 -0.38665632192681443
7.0 239 347 0.5366205787381416 0.6327448406083889 -34.13257840514742 -0.24352648381482567
7.0 240 348 0.5349640216685494 0.6309322376136448 -33.85184547836921 0.06294146187534722
7.0 241 349 0.5375602969499822 0.6338825082263938 -33.99698253633887 -0.03989418850047599
7.0 242 350 0.5288205843160632 0.6244007583724251 -33.9974482590598 -0.2815824819678383
7.0 x 351 0.5265940196446771 0.621692688438662 -33.9974482590598 -2.2074234990786934
7.0 243 352 0.5296436222441122 0.62520244145654 -34.07944135799729 -0.09448421350369784
7.0 244 353 0.5327994787603402 0.6287934713740051 -34.34899309785158 -0.29145565999484546
7.0 245 354 0.5288383682751583 0.6245538029159773 -34.153836897579176 0.18091012173047716
7.0 246 355 0.5246198948704239 0.6200173518996958 -32.951053130517096 1.506978206323815
7.0 x 356 0.5245486824146688 0.6199712183630598 -32.951053130517096 -0.4634060173184338
7.0 247 357 0.5281724009823596 0.623887676610743 -33.86670334145727 -0.674369115599248
7.0 x 358 0.5374373219277975 0.6342700593089429 -33.86670334145727 -3.6855622197479008
7.0 x 359 0.5283465235335034 0.6241956045283157 -33.86670334145727 -1.5972360793115357
7.0 248 360 0.5191405313588305 0.6141919579579245 -32.626098697630496 1.1515148051892794
7.0 249 361 0.5481174640234346 0.6461863414806782 -36.75938690932215 34.89251846130259
7.0 250 362 0.5522313559602124 0.650763398258623 -35.12986380362526 1.2231512064858663
7.0 251 363 0.5506593189804625 0.6492870949327665 -35.11120358998038 -0.09530174278230419
7.0 252 364 0.5526963391518337 0.6516932642200938 -37.1528265152028 -2.4118660756945403
7.0 253 365 0.5471261015365813 0.6456978138129826 -38.58594657187492 -1.6168830616033318
7.0 x 366 0.5564045453962644 0.6558306021479258 -38.58594657187492 -6.263014257022064
7.0 254 367 0.5465091845556962 0.645128767241869 -38.55916760395241 0.011813759439711191
7.0 255 368 0.5501405677214023 0.6491163141269312 -39.91775839835562 -1.480543564560108
7.0 256 369 0.5474839274526703 0.6461393835968744 -41.58546901088216 -1.8017332709181062
7.0 x 370 0.5422569441999596 0.6405536234227747 -41.58546901088216 -4.170279559286797
7.0 x 371 0.5496908046879044 0.6484525349205151 -41.58546901088216 -4.758106636399539
7.0 257 372 0.549571259792644 0.6481419019876464 -38.47494322375904 3.3919117369219123
7.0 258 373 0.5456453174505692 0.6438122144935698 -38.15652366792834 0.3351151707123776
7.0 259 374 0.5527690184726057 0.6515729051695885 -38.045982779694334 0.14453922138892494
7.0 x 375 0.5491923295129222 0.6476737272899307 -38.045982779694334 -3.0834102036025186
7.0 260 376 0.5482918054813309 0.6464456222371113 -35.97194335585894 2.318617439983342
7.0 x 377 0.5577809093414959 0.6567478299063705 -35.97194335585894 -4.654635987329378
7.0 261 378 0.5421522207104361 0.6398750125169854 -35.17248927396704 0.8864457224841829
7.0 262 379 0.5430971500820195 0.6408972587245056 -35.58576776299908 -0.4620033748306369
7.0 263 380 0.5398980269519628 0.6372611418041761 -34.1763766357323 1.7437324484709293
7.0 264 381 0.5405154872866242 0.6381069639015882 -34.224856298191796 -0.05351322948796167
7.0 265 382 0.5378166600391099 0.6350002433693328 -34.00886916109243 0.2325656847690425
7.0 x 383 0.5361462602587771 0.6331070507950107 -34.00886916109243 -0.11911525767595776
7.0 266 384 0.5353877999768789 0.6325269529032207 -33.84247436795483 0.1316162071166076
7.0 267 385 0.5404291154331946 0.6380155584243353 -34.61912066903461 -0.5441081560729515
7.0 268 386 0.5470368639342938 0.64506144095454 -34.72910623885379 -0.34603193617799377
7.0 269 387 0.5450698817463965 0.6430749853978552 -34.73302162143866 -0.11011507439346957
7.0 270 388 0.5400581181115266 0.6375783590268017 -34.64992521429097 0.010696054135088673
7.0 271 389 0.5432717098959708 0.6413860462595319 -34.48618446299839 0.29638836033354465
7.0 272 390 0.5459424681505541 0.6443804036295747 -34.853077810664566 -0.4575999346781714
7.0 273 391 0.5426457083801741 0.6408268631473788 -34.55246679337359 0.3294767673351018
7.0 x 392 0.5458722283222943 0.6445334845155148 -34.55246679337359 -0.5397742596088619
7.0 274 393 0.5374374036632897 0.6350723963022137 -34.02256605349636 0.6073380640580055
7.0 x 394 0.5337677450342044 0.6310545866744425 -34.02256605349636 -0.5899598111312727
7.0 275 395 0.5411872263488344 0.6391798872329161 -34.43105680253957 -0.47634468223972704
7.0 x 396 0.5480382959097126 0.6467964027615 -34.43105680253957 -0.34447059132122604
7.0 276 397 0.5438758624971969 0.6425319154912428 -34.50241326434009 0.0009965925540385001
7.0 x 398 0.5420739000344519 0.6405788476986238 -34.50241326434009 -0.20902396721275807
