6.0 x 0 0.5377838964067219 0.6349254079475675 -83.38192282611966 -30.749263273050595
6.0 x 1 0.5521417532299063 0.6505864202488267 -83.38192282611966 -3.428196716555952
6.0 1 2 0.545576865539843 0.643470025726956 -78.02069304835815 5.310430032515995
6.0 2 3 0.5442799275925793 0.6420516986619207 -59.17626693142529 18.523413390939695
6.0 x 4 0.5426115777782429 0.6399770824712562 -59.17626693142529 -36.606285898868464
6.0 3 5 0.5397759950423943 0.6368417633031559 -57.51567730980438 1.652387210539537
6.0 4 6 0.536791214139134 0.6337186858950647 -51.86618138380339 5.521962136089506
6.0 5 7 0.5268041479198621 0.6224254270817876 -47.056211775770926 4.718891731162259
6.0 6 8 0.5270623590829975 0.6226276300915544 -43.30092809308826 3.59018575816345
6.0 7 9 0.5210762084100347 0.6161821293553902 -38.52449122235213 4.416646523243081
6.0 8 10 0.5206150794559277 0.6156599535572811 -38.858961031962316 -0.2647972599731361
6.0 x 11 0.5272517305495844 0.6231042349386594 -38.858961031962316 -6.2620883540436765
6.0 9 12 0.5119649146340376 0.6058133854979602 -38.74524117648544 0.23153118540115258
6.0 x 13 0.516267360557598 0.6105279413207013 -38.74524117648544 -1.4999098204469092
6.0 10 14 0.51842054183693 0.6126054169412205 -38.92891252117525 -0.2638166829944737
6.0 x 15 0.528220952403961 0.6235783827471572 -38.92891252117525 -5.30756874509941
6.0 11 16 0.515923357722065 0.6099508050733016 -39.77264895593086 -0.7221828636510921
6.0 12 17 0.5047693707948513 0.5975670936828106 -41.194185396584025 -1.212512440296706
6.0 x 18 0.5039042549657123 0.5965513487345899 -41.194185396584025 -3.1702869447352313
6.0 13 19 0.5016890082512182 0.5939323008500109 -36.386113955574906 4.141543019786226
6.0 14 20 0.4919252925998692 0.5829395170319812 -36.132201910156816 0.13204579926956939
6.0 x 21 0.48761303865715555 0.5779744301034174 -36.132201910156816 -1.7385921831578628
6.0 x 22 0.4927425001587454 0.5836938320604769 -36.132201910156816 -0.04073735461828676
6.0 15 23 0.4946742767238891 0.585867909670375 -35.5822182595665 0.750202422106014
6.0 x 24 0.4945081286937352 0.5855793318096381 -35.5822182595665 -3.599865975278469
6.0 16 25 0.49375017943638455 0.5851396574728138 -35.55325226939186 0.21184351822380165
6.0 17 26 0.49308256347757895 0.5844896660506902 -35.48439815157115 -0.12376225565116528
6.0 18 27 0.48799564852072813 0.5788995218773858 -34.8447806665383 0.7488353402476022
6.0 x 28 0.49597920813491253 0.5878366496079203 -34.8447806665383 -0.822137692764052
6.0 x 29 0.48511683485741025 0.5757008492365 -34.8447806665383 -1.176618494200504
6.0 19 30 0.4950738756092707 0.5868522042894972 -36.673950286957904 -2.157129890378009
6.0 20 31 0.4886381840047004 0.579422612513534 -35.0908330335841 2.051214480441331
6.0 x 32 0.49256570743445466 0.5837868324892769 -35.0908330335841 -1.3011205700467272
6.0 x 33 0.49545728278180945 0.5872149889446343 -35.0908330335841 -2.6523795843630253
6.0 x 34 0.4939341351616153 0.5854390231996612 -35.0908330335841 -0.9561382433678034
6.0 x 35 0.4936148450530526 0.5849278852832819 -35.0908330335841 -1.3234016840387213
6.0 x 36 0.4946524737982995 0.586040274983117 -35.0908330335841 -1.1303905617721028
6.0 21 37 0.48885452256033035 0.5793959684116142 -37.17346116697339 -1.799557867833137
6.0 22 38 0.4892458818182843 0.5798723506339128 -37.150594284931486 0.017197742574502684
6.0 23 39 0.489551802712525 0.5802078939947038 -35.83695749397631 1.162374603172708
6.0 24 40 0.48857625958446665 0.5791039711921581 -34.944386631560064 0.7011189232448345
6.0 25 41 0.5529029574157359 0.6515198526575253 -46.85257791705636 36.81005558477732
6.0 26 42 0.5494109268415011 0.6473726865964893 -42.07669089633248 4.4841709259984555
6.0 27 43 0.5495120600524517 0.6473163231221436 -40.7721637668415 1.0471565842482136
6.0 x 44 0.5556571808636946 0.6540390846930876 -40.7721637668415 -5.482921284613965
6.0 28 45 0.5528252745432463 0.6508252807528822 -41.260407300167344 -0.6853219401201756
6.0 29 46 0.5590120976535726 0.6576257296812845 -41.75079679838628 -0.26991892032477693
6.0 x 47 0.55863551783384 0.6572751062720872 -41.75079679838628 -0.30815619768282687
6.0 30 48 0.555213052024646 0.6532248371164802 -42.70260401039934 -0.7211839471170975
6.0 31 49 0.5554640775201234 0.6536776253681978 -41.417093895073684 0.8509718160036783
6.0 32 50 0.5555742239371417 0.6533968148439386 -41.289622860470296 0.20307044910624228
6.0 33 51 0.562155733424711 0.6607517586940546 -42.205089189955395 -0.7574846898155556
6.0 34 52 0.5655478712046363 0.664515120579019 -42.4441644138397 -0.5730679703070862
6.0 35 53 0.5607512675306576 0.6591684110397019 -41.780953714784594 0.7698732582861894
6.0 36 54 0.5642558471954309 0.6630139572387092 -42.14154552077314 -0.2391783590129819
6.0 x 55 0.5635763945488091 0.6619857981840173 -42.14154552077314 -0.790141673129078
6.0 37 56 0.5616439102728679 0.6604489342117754 -41.821946249391274 0.24628043890850648
6.0 x 57 0.5558394041282861 0.6543495205343776 -41.821946249391274 -1.6600650843896645
6.0 38 58 0.5593145224489268 0.6578468156205122 -41.618552122827644 0.2327562030265682
6.0 x 59 0.5540517050813901 0.6521543512605885 -41.618552122827644 -0.863635322824102
6.0 x 60 0.5584613787035193 0.6570168280260319 -41.618552122827644 -0.802432247249456
6.0 39 61 0.5573074064160766 0.6553732165244257 -41.58260028283469 -0.08252027998765499
6.0 x 62 0.5623785540873973 0.6612001434299547 -41.58260028283469 -2.5441574719316122
6.0 40 63 0.5586847822143478 0.6571287881306471 -41.71953622227835 0.07919607061433709
6.0 41 64 0.560120880756235 0.6587023523010812 -41.69181628897682 -0.10575987323697689
6.0 42 65 0.5594626011867081 0.6579046694888593 -41.86153399701818 -0.01991068429723697
6.0 43 66 0.5512948583472745 0.6488857071590894 -40.92399994500197 0.7935718992575147
6.0 x 67 0.558085249386049 0.6564714965147237 -40.92399994500197 -5.313067987038487
6.0 44 68 0.5482883215530394 0.6457085465013266 -40.7162073728902 0.3440958808794292
6.0 45 69 0.5450567538123681 0.6423140071178152 -40.51751105735791 0.006167811603951634
6.0 46 70 0.5431683532794436 0.6403631513847831 -40.4534134608863 0.03969744060625402
6.0 x 71 0.5282114692451219 0.6241505254912045 -40.4534134608863 -1.0520850750646389
6.0 x 72 0.5489040492214717 0.6466702344066603 -40.4534134608863 -1.2547444721827503
6.0 47 73 0.5361262337470132 0.6326438706651072 -39.98225202143176 0.8408661078587087
6.0 48 74 0.5370113121327237 0.6335627947299707 -40.842126905058784 -0.752789048618169
6.0 49 75 0.5328336974904091 0.6289573335219641 -39.804693166772715 0.9641445789813048
6.0 x 76 0.5314071950671786 0.6276373110898592 -39.804693166772715 -1.0745832058842453
6.0 x 77 0.5310042102903417 0.6267586304118795 -39.804693166772715 -0.6702606676397806
6.0 50 78 0.5328605545707505 0.6288624724676164 -39.38676036308696 0.3276374889378104
6.0 51 79 0.5365972944258167 0.6327693133687804 -40.09994070039602 -1.0641681894317259
6.0 x 80 0.5365455229827827 0.632577004767719 -40.09994070039602 -2.133826628574319
6.0 52 81 0.5515930840245518 0.6498412993953298 -41.20017247919358 42.21677372811129
6.0 53 82 0.5512990701023424 0.6494060447054968 -40.899792382598996 0.45779525917555475
6.0 54 83 0.5524515247110633 0.6504488788365865 -41.26005130522482 -0.2173014777155018
6.0 55 84 0.5506987351889016 0.6486122132236517 -41.08116438280769 0.17225758408834224
6.0 56 85 0.5447501534177333 0.6419886299935064 -41.36194181074797 -0.11526347619414423
6.0 57 86 0.5403298619466559 0.6369294203787863 -40.82104145683298 0.5412592283592232
6.0 58 87 0.5381682790251345 0.6345908271000678 -40.666837705791345 0.15734941957386894
6.0 x 88 0.5389867809950177 0.635556115801305 -40.666837705791345 -1.3442401349810282
6.0 59 89 0.5342144622927368 0.6300982469206773 -39.67841875434151 0.8932923594307809
6.0 60 90 0.524729758138929 0.6194582097287553 -38.45047837701045 1.1161370831182467
6.0 61 91 0.5254027455908657 0.6198033853192143 -38.650186665551765 -0.10847037504799317
6.0 62 92 0.53274886393343 0.627729729726421 -39.69255738792765 -0.9793414882389584
6.0 x 93 0.5299649209432284 0.6244887554008905 -39.69255738792765 -1.8783558832055718
6.0 x 94 0.5360735327228809 0.63150059365288 -39.69255738792765 -8.476976654470931
6.0 63 95 0.5240279389510684 0.6176731920648836 -38.37983528280208 1.1652658560782356
6.0 x 96 0.5265990112507617 0.6206926989749996 -38.37983528280208 -0.44015257175899336
6.0 x 97 0.5184886943666493 0.6115079638300418 -38.37983528280208 -0.31961636394672155
6.0 64 98 0.5093998909037334 0.601646054943514 -36.9727407129573 1.457687815076774
6.0 x 99 0.5177204470588318 0.6110081025014297 -36.9727407129573 -1.850832910633919
6.0 x 100 0.5188480534080432 0.6122015174165043 -36.9727407129573 -0.9993913994379113
6.0 65 101 0.5096395965690116 0.6018491507270376 -37.15289155069919 -0.2953605844044702
6.0 66 102 0.5080108766293701 0.6001059264295414 -37.140784462388126 0.28539290971522746
6.0 67 103 0.5070180066009106 0.599204038823437 -36.88325361097262 0.21122708317999184
6.0 x 104 0.5060869833911846 0.598265094333859 -36.88325361097262 -0.9986112960049951
6.0 68 105 0.5023812830917892 0.5940482970950742 -36.748603337401924 0.2319779289982833
6.0 69 106 0.49235022569032716 0.5827364262491218 -35.944528849178575 0.8812537541802001
6.0 x 107 0.48860876824950217 0.5784456614806937 -35.944528849178575 -1.6511926208764933
6.0 x 108 0.48146218480728503 0.5703857496974111 -35.944528849178575 -1.524143646781873
6.0 70 109 0.4913798031576029 0.5817366712978549 -35.784273539732304 0.16604936408425885
6.0 71 110 0.4960717094359682 0.5871896375929068 -36.010289864665175 -0.28573063760500617
6.0 72 111 0.4962680840236601 0.587567963146959 -35.78082196060141 0.15082401880327012
6.0 x 112 0.5003294439093798 0.5920909070916635 -35.78082196060141 -1.8266821015005092
6.0 73 113 0.4928022044917129 0.5836969971135485 -35.51374134132255 0.3064281570185443
6.0 74 114 0.49419944374750696 0.5849029136006682 -35.89991614786605 -0.7074550004992659
6.0 x 115 0.503509724746727 0.5954404442427202 -35.89991614786605 -2.9247773577756746
6.0 x 116 0.5048203057070703 0.596879538463056 -35.89991614786605 -0.6729568273178046
6.0 x 117 0.48750267296558697 0.5774602926876315 -35.89991614786605 -0.21207337456531405
6.0 x 118 0.4987012899073111 0.5898635944329361 -35.89991614786605 -0.7178404199766746
6.0 75 119 0.49815380255557357 0.589198448011563 -36.73095119139114 -0.9229614117967131
6.0 76 120 0.4985957724908578 0.5896779365816793 -35.92222316957312 1.1218335981720102
6.0 77 121 0.5486959897228061 0.64679569194052 -43.16035550773518 40.39644641065857
6.0 x 122 0.5547437585358752 0.6532816188841672 -43.16035550773518 -0.4911924580787925
6.0 78 123 0.5457467689917814 0.6433428077983337 -43.920988811871645 -0.6723275732333391
6.0 x 124 0.5477766000903018 0.6454432178559573 -43.920988811871645 -0.7231591546344305
6.0 x 125 0.5419113147141316 0.6389320400750378 -43.920988811871645 -10.922263597656723
6.0 79 126 0.548917993087653 0.6469504059913056 -41.010433502418756 2.564268263210728
6.0 x 127 0.5577472836543388 0.6566960616369805 -41.010433502418756 -1.7182055643911198
6.0 80 128 0.5459042202200552 0.6438526632903194 -40.57944347402999 0.4097547424439938
6.0 81 129 0.5434958204481454 0.6410190399100258 -40.463465984849165 0.1521432010965924
6.0 82 130 0.5431420548213075 0.6405105538354362 -40.37721640581096 0.0761103702402508
6.0 x 131 0.5332080977215017 0.6295191476617058 -40.37721640581096 -4.959875179655668
6.0 x 132 0.5398591912383862 0.6372252068106254 -40.37721640581096 -0.9382274200556324
6.0 83 133 0.5483861648583118 0.6465262502854129 -40.70971230968893 -0.4068707540521075
6.0 x 134 0.5566344213593656 0.6554462915101459 -40.70971230968893 -1.2724551728687956
6.0 x 135 0.5521132823681056 0.6503870960212956 -40.70971230968893 -1.3857284989197822
6.0 84 136 0.5511379723539435 0.649501175231093 -40.884472828590724 -0.2660007080445226
6.0 x 137 0.5544143103776691 0.6529627572909695 -40.884472828590724 -0.31848012518315727
6.0 x 138 0.5600327736375544 0.6592059840501069 -40.884472828590724 -0.8138317208611028
6.0 85 139 0.5481914585346188 0.646114287917332 -40.618547418004304 0.2883669232871213
6.0 86 140 0.54147131873351 0.6387777179906552 -40.04677748458744 0.6378660750816607
6.0 87 141 0.5484128128243791 0.6465036644792324 -40.64470646970104 -0.7021624616819864
6.0 88 142 0.5444332949843987 0.6418733035852261 -40.29760839498707 0.43019365900810413
6.0 x 143 0.5500639547829776 0.6482298159571781 -40.29760839498707 -1.1808197577635653
6.0 x 144 0.5510748561517701 0.649074373329703 -40.29760839498707 -1.0152193451054075
6.0 89 145 0.5403875377264324 0.6375967390952896 -40.16688887281839 0.24549648283300485
6.0 90 146 0.5387301519512304 0.6359626393966713 -39.753107253200746 0.26924735738526095
6.0 91 147 0.5383346122483212 0.6356229760015794 -39.75745855596887 0.056060096991501496
6.0 x 148 0.5442091954898921 0.6421186197687857 -39.75745855596887 -0.6367137529380784
6.0 92 149 0.5393107770169063 0.6366192394565732 -40.369270441551606 -0.4660352828288339
6.0 x 150 0.5384537202568295 0.6358526626245722 -40.369270441551606 -1.9556487217782035
6.0 93 151 0.5302703091639893 0.6266533713653192 -39.8754076188618 0.5835054021230519
6.0 94 152 0.5274539243516377 0.6232812643764449 -38.73874821989575 0.9467741784490613
6.0 95 153 0.5234630185278896 0.6187861289724239 -38.35426534507927 0.3889819827826244
6.0 96 154 0.5248754981755366 0.6205845094186474 -38.96289004013832 -0.47397544780921663
6.0 x 155 0.5349256004541394 0.631728708201355 -38.96289004013832 -3.2711498180026766
6.0 x 156 0.524692686119779 0.6204687551955532 -38.96289004013832 -0.8592311171939215
6.0 97 157 0.5222524157375356 0.6178309489907874 -38.25791014787972 0.4598516074691261
6.0 98 158 0.5215757954349339 0.6172826647225792 -38.678015504463524 -0.5697457249408515
6.0 99 159 0.516062331315679 0.6110801317233403 -37.62801422962388 1.268520120261897
6.0 x 160 0.5152353113782712 0.610258960165968 -37.62801422962388 -2.8695303073489242
6.0 100 161 0.5508287399098986 0.6492553895915657 -42.16486498976085 83.0963377645819
6.0 101 162 0.5509752158763749 0.6494441260354219 -41.476578479343296 0.5946232335822685
6.0 102 163 0.5536910101405226 0.6523435762610255 -41.11370691794878 0.14592150382593871
6.0 103 164 0.5553365606313625 0.653834304546534 -41.34662533189131 -0.32340065779183647
6.0 x 165 0.5545958667480447 0.6530696330640958 -41.34662533189131 -0.917196835238542
6.0 104 166 0.5549326375629652 0.653249008846021 -41.29299621189662 0.21694308638269888
6.0 x 167 0.5553132292871737 0.6539857566052434 -41.29299621189662 -0.7837836172356347
6.0 105 168 0.5526920126970494 0.6506239215322855 -41.17335429542914 -0.05469818056124609
6.0 106 169 0.5471289751119727 0.6447298224649214 -41.00737791042547 0.09204025500805102
6.0 107 170 0.5460419915794054 0.6433449387895103 -40.426374534402456 0.7775371475273758
6.0 x 171 0.5559148191870734 0.6539430458364355 -40.426374534402456 -0.8810824507280799
6.0 108 172 0.5442286600262324 0.6413235596938558 -40.3459365776745 0.18821240062620603
6.0 109 173 0.5413516300976544 0.6380729308817761 -40.00445221728244 0.2427740805061589
6.0 110 174 0.5396960153496247 0.6362670986271933 -39.85224354020451 0.167011260626154
6.0 111 175 0.5347625474561529 0.6311001225087565 -40.22572417034882 -0.5989312268821081
6.0 112 176 0.5311091868033845 0.6271720884524863 -40.23535851182267 -0.050460592066691845
6.0 x 177 0.5226996713242908 0.6177720022041038 -40.23535851182267 -2.6475965102306915
6.0 x 178 0.5257356705335855 0.6210719601252839 -40.23535851182267 -4.2261393996451275
6.0 113 179 0.5223065715502455 0.6177664136044697 -39.87885777079601 0.33261041407740066
6.0 114 180 0.5173195926607655 0.6122321198683768 -39.08321889118889 0.8509878095623549
6.0 x 181 0.5220949361522023 0.6175266783243378 -39.08321889118889 -1.2436949440687926
6.0 x 182 0.5170820947920726 0.6119420183904212 -39.08321889118889 -6.136946632974151
6.0 115 183 0.512764993029495 0.6072408872361157 -38.076340771472175 1.1059475740936477
6.0 116 184 0.5118902957744348 0.6064586507593249 -37.72481272277101 0.4105012228813436
6.0 117 185 0.5076694473671021 0.6016867373549263 -37.95751122106963 -0.33453554190268875
6.0 x 186 0.5025913224643963 0.5959882701312303 -37.95751122106963 -1.8812399307156156
6.0 x 187 0.5108921659094277 0.6052825844335767 -37.95751122106963 -0.6734343583857623
6.0 118 188 0.5117024640847843 0.6062886892264554 -38.060507580896406 -0.08779493546596484
6.0 x 189 0.5243355009866655 0.6202849817522621 -38.060507580896406 -1.4809220513884256
6.0 119 190 0.5058933181421754 0.5995076185183532 -38.58631207765752 -0.6570635030073078
6.0 x 191 0.5107968864361611 0.6050937696063144 -38.58631207765752 -0.8706161242571895
6.0 x 192 0.506379810809223 0.6001242522843085 -38.58631207765752 -2.0980948982914285
6.0 120 193 0.4992371794762021 0.5919039656420936 -39.65190633698339 -1.217946698039107
6.0 x 194 0.5021273235833837 0.5952313990271628 -39.65190633698339 -0.8929363991039452
6.0 121 195 0.4910410076156614 0.5826533022708695 -40.39487647241125 -0.8358570256141178
6.0 122 196 0.4864351847335771 0.5775385807717105 -36.24432605550373 4.520951719343948
6.0 x 197 0.4773038862439995 0.5669781431943528 -36.24432605550373 -2.2854847724769627
6.0 x 198 0.4823765354712889 0.5728882397225412 -36.24432605550373 -1.8209329559909193
6.0 123 199 0.4992339646515589 0.5921632469490706 -38.17373952489138 -2.069822148079041
6.0 124 200 0.5042697919145497 0.5981245922864171 -36.497560512724625 2.0573472815608866
6.0 125 201 0.5508025507366877 0.6493705679604515 -41.020413074759055 42.13037509510275
6.0 126 202 0.5473841666577193 0.6457553261482976 -40.89079627538688 0.09645394202760116
6.0 127 203 0.5465023875128043 0.6446279941461525 -40.51743844636807 0.4810037415482
6.0 x 204 0.5468096968033599 0.6450151361357579 -40.51743844636807 -1.820642362755727
6.0 128 205 0.5469914385006038 0.6451595011486074 -40.621848995463345 -0.14092093505423975
6.0 129 206 0.5383359466470556 0.6358397892573232 -39.76673565190518 1.051372447988733
6.0 x 207 0.5433647152184754 0.6413669092818366 -39.76673565190518 -0.7194530554147605
6.0 x 208 0.539342835058419 0.6368458732205915 -39.76673565190518 -0.10153479401241583
6.0 x 209 0.5380998856540339 0.6356545004620309 -39.76673565190518 -0.21646984514439538
6.0 130 210 0.5349968385569497 0.6322559484103987 -40.00684323868692 -0.0786212790042029
6.0 131 211 0.5280837986037401 0.6245205830210945 -39.2556969768604 0.7586800294470564
6.0 132 212 0.5255312596546405 0.6215556276154962 -39.59272517408317 -0.23950087158873856
6.0 133 213 0.5138658408553531 0.6086017585390425 -38.97911938772344 0.7161502959661448
6.0 x 214 0.5156332998186764 0.6105180008764202 -38.97911938772344 -1.646057291131413
6.0 134 215 0.5099398030670135 0.604170817103605 -37.07343767938003 1.6530173638786465
6.0 135 216 0.5093801827603289 0.6037646213351219 -36.978065140884546 0.012454280158387121
6.0 x 217 0.515330556148283 0.6105262406632813 -36.978065140884546 -0.5807034611867863
6.0 136 218 0.5145315457805106 0.6096415079169979 -37.499661079135926 -0.5608888562744312
6.0 137 219 0.5147100393082557 0.6097860893039738 -37.49387037042318 0.04180521696391537
6.0 138 220 0.516156561024732 0.6115546187176967 -37.75441204549236 -0.14421129332070137
6.0 139 221 0.5106913477705165 0.6054273340839083 -37.10977244840612 0.5975968825268225
6.0 140 222 0.5079409660544087 0.6021345936510929 -37.83131972178404 -0.4672534311189622
6.0 141 223 0.5086457707847516 0.6031966613438569 -37.198978245334345 0.19231278518370232
6.0 x 224 0.5088696624731279 0.603533244067979 -37.198978245334345 -1.589530699801351
6.0 x 225 0.5141517877870087 0.6093146051278424 -37.198978245334345 -0.9654240031616013
6.0 142 226 0.5041331093231344 0.5979107426401981 -36.51089048052072 0.7973740788088222
6.0 143 227 0.5023822277697914 0.5959710148454932 -36.31221677035192 0.304104330699829
6.0 144 228 0.5020751755024411 0.5956886478877275 -36.29766936184155 -0.09208563392497382
6.0 x 229 0.5056406001989556 0.5996405777386963 -36.29766936184155 -0.23110196666628013
6.0 145 230 0.4979975206536734 0.5910571057282619 -35.970341470429034 0.5006100724155118
6.0 146 231 0.48740220661742084 0.5789863935325444 -35.10874990190003 0.6294712588857436
6.0 147 232 0.4807280186421063 0.571364374190118 -34.16613641801775 1.0514040942889054
6.0 x 233 0.48516398019769585 0.5765188877359598 -34.16613641801775 -0.6734442521624828
6.0 148 234 0.48223306995125015 0.5730600871223445 -34.340847743500824 -0.18925914932707855
6.0 149 235 0.48020022554179864 0.5707117499110402 -34.045916496825875 0.41453089481506566
6.0 x 236 0.48238524116731074 0.5732604296673632 -34.045916496825875 -0.40048555348909787
6.0 150 237 0.47522112541975803 0.5649416759003293 -33.67105256837606 0.257005348377227
6.0 x 238 0.47618978747249563 0.5661151241899812 -33.67105256837606 -0.6115557557869309
6.0 151 239 0.4646875780348285 0.5524664166138572 -32.43073302463319 1.349559043558692
6.0 x 240 0.46726688385750026 0.5555682644594602 -32.43073302463319 -0.8428858315137759
6.0 152 241 0.5485794102187806 0.6467738634279662 -40.7578938338843 42.42967465734554
6.0 x 242 0.5470547075401632 0.6452110167946619 -40.7578938338843 -0.526703060132661
6.0 153 243 0.5526695292168349 0.6517340309901541 -41.393190532325605 -0.5792899342380835
6.0 x 244 0.5569185789980043 0.6562340067295124 -41.393190532325605 -3.164290805973394
6.0 154 245 0.5537712820305076 0.652797811294364 -41.1212634237849 0.09947563057497888
6.0 155 246 0.5557020602444765 0.6548419792781315 -41.78946463408997 -0.8668000319367763
6.0 156 247 0.5580345414706761 0.6577236266833333 -43.158621054787 -1.5608799888325464
6.0 157 248 0.5552242875587107 0.6546016128050005 -42.19440836309506 1.070068654827125
6.0 158 249 0.5463784315131412 0.6449705391252245 -40.610045661262134 1.7920875009580968
6.0 159 250 0.5428590708906779 0.6413386164872356 -41.02101026881985 -0.5570714472926568
6.0 160 251 0.546381487123452 0.6452362437728276 -40.46275181558079 0.8480261322124392
6.0 161 252 0.5402222818173217 0.6383740433022562 -40.64787547370913 0.06341627140287187
6.0 162 253 0.5357246930096832 0.6329395544624815 -39.5126287929844 0.9730298592221516
6.0 163 254 0.5243913217563673 0.620379278990563 -38.65578505362933 0.9761001001473417
6.0 164 255 0.5271056955703861 0.6236599964842342 -39.05162510542839 -0.37025064832013754
6.0 165 256 0.5172055714731854 0.6125813010299483 -39.76633995107545 -0.461933898877561
6.0 x 257 0.520906227742747 0.6165461193421073 -39.76633995107545 -8.237083543205394
6.0 166 258 0.5211049272252458 0.6172354430570436 -40.36398768570064 -0.5937540033999582
6.0 167 259 0.5144058711044927 0.6097555784999851 -38.059917640220675 2.145989479910959
6.0 168 260 0.5061784852754513 0.600400876294282 -36.66586403926443 1.2361175722819056
6.0 169 261 0.502913778575935 0.5967075018484858 -36.756928001306996 -0.2921475532114499
6.0 170 262 0.49541147226484156 0.5880834766428958 -36.15209796449326 0.6085921194991286
6.0 171 263 0.502164048530503 0.5955192859255609 -36.29236473997019 0.09320038017524723
6.0 x 264 0.5114776073794843 0.6058928918328469 -36.29236473997019 -1.9634974099653704
6.0 172 265 0.4911879925247102 0.5831109782995972 -36.702979596885484 -0.08097453366880814
6.0 173 266 0.4871450265077498 0.5783086777677817 -35.17814595256046 1.022612579143427
6.0 174 267 0.4941250362623326 0.5864981097360696 -35.52055576175449 -0.11017067608253939
6.0 175 268 0.4969303970931258 0.5895550337187422 -35.95691356246528 -0.39139922639804325
6.0 x 269 0.501407649650998 0.5946375062461771 -35.95691356246528 -2.5135936957291136
6.0 176 270 0.49077475457034614 0.5826371218050683 -35.305455822751135 0.41277059174042563
6.0 x 271 0.49867881807912984 0.5914126809670982 -35.305455822751135 -0.5422683648329141
6.0 177 272 0.49246098137807715 0.5844521728559148 -35.942667953836285 -0.7650372390169622
6.0 178 273 0.48597023771104164 0.57727107458679 -34.690644513155696 1.4518311294817963
6.0 x 274 0.4928639180536527 0.5851804212987584 -34.690644513155696 -1.788337569511583
6.0 x 275 0.4830458002797646 0.5739387881413521 -34.690644513155696 -2.626938229236039
6.0 179 276 0.4803233100349575 0.5708687590556683 -34.51409776330346 0.073556230370869
6.0 180 277 0.4768226883647032 0.5668392717696245 -35.03816950169416 -0.6622530965449371
6.0 x 278 0.47585742331477476 0.5655893792432809 -35.03816950169416 -3.2491875013614546
6.0 181 279 0.4833797788891416 0.5743218754452203 -35.496594410274575 -0.465054067340958
6.0 182 280 0.48885894295187426 0.5806521975778648 -35.20684753463555 0.4261910424205695
6.0 183 281 0.5456111573876791 0.6435167834029575 -40.48726529321039 84.43867403154218
6.0 184 282 0.5512247158980126 0.6495200842362199 -40.989888396817086 -0.34580472395182227
6.0 x 283 0.540210060597836 0.6377057834369293 -40.989888396817086 -1.2114216164316502
6.0 185 284 0.5540188239972723 0.6527294753515138 -41.2528551396936 -0.2713474326481702
6.0 x 285 0.5554318546309828 0.6544188481590654 -41.2528551396936 -3.7373084478020004
6.0 x 286 0.5557274115945257 0.65465802498124 -41.2528551396936 -0.3108155102806265
6.0 186 287 0.5561351725267056 0.6548284764103718 -42.85840317988757 -1.3701926050142532
6.0 187 288 0.5522475313256583 0.650301110753479 -43.2963217202586 -0.350729238890672
6.0 x 289 0.558076548819499 0.65653515877822 -43.2963217202586 -1.9610667382995572
6.0 188 290 0.5526306820206492 0.650396081731384 -41.50435745160173 1.578771201247946
6.0 189 291 0.5544799155609323 0.6523226026705518 -42.340955738226164 -0.7459450072968892
6.0 x 292 0.5527292455932526 0.6503938958259814 -42.340955738226164 -0.44467757423463183
6.0 190 293 0.5541210551033786 0.6520014106046732 -41.15513280325249 0.9052352582637582
6.0 191 294 0.5624042592107261 0.6611757770674533 -42.07106954050748 -0.8417659215947424
6.0 192 295 0.555295982767802 0.6535467003134225 -41.38115647426755 0.6892346194251076
6.0 193 296 0.5570753113960926 0.6552011147248327 -43.29245025759874 -1.6501342653925732
6.0 x 297 0.5500757171891717 0.6477434133773501 -43.29245025759874 -0.6554270773405477
6.0 x 298 0.5545276433844654 0.652365168222057 -43.29245025759874 -1.233614942988801
6.0 x 299 0.5508684490874463 0.6486407049484849 -43.29245025759874 -1.4289095876815807
6.0 x 300 0.5581194816859599 0.6560636848427075 -43.29245025759874 -2.485659364123073
6.0 194 301 0.5539300005008757 0.6516781670276095 -41.31014050755517 1.4998964335038139
6.0 195 302 0.552356158102097 0.6499401537462317 -41.02138192174313 0.3638698052524276
6.0 x 303 0.5625391329332254 0.6608705649425757 -41.02138192174313 -1.2915723108797366
6.0 196 304 0.5502716201845684 0.6474088464701203 -40.81042328436718 0.25717441714049727
6.0 197 305 0.54830269887642 0.6452685668632785 -40.64474681727651 0.15029408445030867
6.0 198 306 0.538010359671146 0.6342066062663955 -40.54270342366231 -0.09666775500936353
6.0 x 307 0.5373533280340116 0.6332392895809513 -40.54270342366231 -1.3032055788457697
6.0 199 308 0.5455126723002702 0.6423800584592257 -40.4464594874776 0.41931556114749213
6.0 200 309 0.5457487019805553 0.6425138189104105 -40.836492860326906 -0.2815829673271395
6.0 x 310 0.5443611421548344 0.6409532088621487 -40.836492860326906 -1.3924553954888665
6.0 201 311 0.5512352490423792 0.6485901006919298 -41.03024283454465 -0.29515314290411965
6.0 202 312 0.5564629499842014 0.6540787789636433 -42.73141889351577 -1.5109566758873498
6.0 203 313 0.5564422073175214 0.6543218149787527 -42.70099747746011 0.02919682366825782
6.0 204 314 0.5588900947465478 0.6568218603799162 -41.61816515629052 0.8157982881832382
6.0 x 315 0.5621619857277366 0.6601029304090633 -41.61816515629052 -0.36905073375626785
6.0 205 316 0.557541715992665 0.6554556217647656 -41.64335742035748 0.036249584537124235
6.0 x 317 0.5614774501203125 0.6597812308089347 -41.64335742035748 -1.123496477750244
6.0 x 318 0.56295993435579 0.6615395583116602 -41.64335742035748 -0.47037822458077727
6.0 x 319 0.5531909144732032 0.6508633501677316 -41.64335742035748 -0.26249296740864025
6.0 x 320 0.558130477728117 0.6561841684602203 -41.64335742035748 -1.0049751839606458
6.0 206 321 0.5517061931193592 0.6500773705590908 -40.963804445907 42.389239912230444
6.0 x 322 0.5544758027096977 0.6532439371986053 -40.963804445907 -0.691729706199844
6.0 207 323 0.555312801890849 0.6541010349772258 -41.269321485014245 -0.34148952059544513
6.0 208 324 0.5534098760492528 0.6519819980523338 -41.1392059183059 0.17075731538061234
6.0 x 325 0.5543658485052595 0.6527169654535229 -41.1392059183059 -0.6290440348119546
6.0 209 326 0.5558415807553833 0.6544009086189635 -42.03003499036217 -0.7344640048626729
6.0 210 327 0.5553110678757883 0.6539924385241246 -41.67360068966213 0.3067857600863917
6.0 211 328 0.5529530057842621 0.6515735363946753 -41.162325730947295 0.43431123937447325
6.0 212 329 0.5534274142430352 0.6519280352841014 -41.143502735306335 -0.012979077178712828
6.0 213 330 0.5498124318613687 0.6482665364139913 -41.10970484091146 -0.1838273787273934
6.0 214 331 0.5553216497148329 0.6541719491619963 -41.48958007426912 -0.3662241938219779
6.0 215 332 0.5505389427133012 0.6488373809341998 -40.8676055648454 0.7283670969357843
6.0 x 333 0.5460187241462275 0.6440006366267671 -40.8676055648454 -3.5148944890624776
6.0 216 334 0.5481618209046569 0.646395166294735 -41.13757201807325 -0.005020822198737562
6.0 217 335 0.5447273623382588 0.642689339192221 -42.14351461221013 -0.8211267974375644
6.0 218 336 0.5392506520505402 0.6367369741574386 -42.145147764498844 0.05821133727468464
6.0 219 337 0.5321200657826471 0.6288962704926868 -41.26234903559338 0.8967842407671185
6.0 220 338 0.5393750622714094 0.6368368362105836 -41.200617568435774 -0.03663734634395155
6.0 221 339 0.5444986902996186 0.6421986777802594 -41.22399438411405 -0.09437134421582272
6.0 x 340 0.5453224939345971 0.643236046321299 -41.22399438411405 -0.7015954540242291
6.0 x 341 0.5414988728634649 0.6385751504496311 -41.22399438411405 -1.5872528719927814
6.0 x 342 0.5510797689583187 0.6491848563500902 -41.22399438411405 -2.7086578911424795
6.0 x 343 0.54401299045939 0.6419022299673427 -41.22399438411405 -3.1158681912287776
6.0 222 344 0.5416497381010404 0.639274061619527 -40.31810257087543 0.8050278479054569
6.0 223 345 0.5347784177986369 0.631573686906915 -39.38749245980742 0.8051892640763967
6.0 224 346 0.5347547029927816 0.6314979554951234 -39.725809706635026 -0.5087738305795071
6.0 225 347 0.5368091985524966 0.6336153091287466 -39.60955538643044 0.23473647828938482
6.0 x 348 0.5349346925635047 0.6315701790160758 -39.60955538643044 -0.9089259296123515
6.0 x 349 0.5391639150446268 0.6363120151988756 -39.60955538643044 -0.14031484727230037
6.0 x 350 0.5279829163894793 0.6240192940220024 -39.60955538643044 -0.8679201532442704
6.0 x 351 0.5347348320188576 0.6310828587617062 -39.60955538643044 -1.3710938723467905
6.0 x 352 0.5379714800878815 0.6347909000318411 -39.60955538643044 -0.12228145589652684
6.0 226 353 0.5397668159087656 0.6369758831897556 -39.887928243774404 -0.3000018954235344
6.0 227 354 0.5356235541698204 0.6325344408602208 -39.543798826084675 0.32994747415205694
6.0 228 355 0.5316519558128284 0.6282789804195221 -39.60250557939292 0.24450261486129676
6.0 229 356 0.5317367795423046 0.6283835860684337 -42.434763123150844 -2.5504674495726647
6.0 x 357 0.535368207031285 0.6323444923762701 -42.434763123150844 -5.5273899348719056
6.0 x 358 0.5408031397628733 0.6385195974023296 -42.434763123150844 -7.4490063970839415
6.0 x 359 0.5320950156488571 0.6288817627842821 -42.434763123150844 -3.9147477996016633
6.0 230 360 0.5227543614357092 0.6187379025412492 -39.97883353857938 2.3660895035989924
6.0 231 361 0.5481174640234346 0.6461863414806782 -46.72026700616308 36.811322304414134
6.0 232 362 0.5522313559602124 0.650763398258623 -41.77483079704802 4.539064309904035
6.0 233 363 0.5506593189804625 0.6492870949327665 -41.05242027392627 0.6084485666945554
6.0 234 364 0.5526963391518337 0.6516932642200938 -41.67093808582229 -0.9887609623681399
6.0 x 365 0.5471261015365813 0.6456978138129826 -41.67093808582229 -1.120980357596956
6.0 x 366 0.5616703985121575 0.6614575937434589 -41.67093808582229 -4.893191153034941
6.0 235 367 0.5521342461316464 0.6511886449887097 -41.62999959544398 0.026025384677566876
6.0 x 368 0.5555834377287485 0.6549666171428392 -41.62999959544398 -1.0494755634276274
6.0 236 369 0.5495508339812105 0.6483006694238103 -42.430396090298665 -0.9349290720678809
6.0 x 370 0.5443236525220837 0.6427403759831101 -42.430396090298665 -2.9969654042106555
6.0 x 371 0.5517717689378336 0.6506217516237943 -42.430396090298665 -3.682213099381201
6.0 237 372 0.5516418325311416 0.6503001091389446 -41.070921136582186 1.6407247217000815
6.0 238 373 0.5479250756877377 0.6461989691186053 -40.729748588840366 0.3579303754522698
6.0 x 374 0.5549561461690575 0.6538448842360757 -40.729748588840366 -0.48145387905240256
6.0 239 375 0.5441994753441224 0.6421296384580495 -41.94094073367426 -1.4875041832094666
6.0 240 376 0.539447936307883 0.636677190382151 -40.16764631223405 2.017514136706559
6.0 x 377 0.5494816337468315 0.647633101527533 -40.16764631223405 -4.299138317180315
6.0 241 378 0.5330302118970976 0.6297599811321123 -39.39339677592033 0.8610805922417555
6.0 242 379 0.5341193493832673 0.6309520700541603 -39.68992370794858 -0.3457374793377852
6.0 243 380 0.5308835119766089 0.6272422871631392 -39.29137565304534 0.7329719133165824
6.0 244 381 0.5314479480852333 0.6280307362409376 -39.344602612389856 -0.05831590679805032
6.0 245 382 0.5286551200732712 0.6248069539240417 -39.099831932608424 0.26117442758376086
6.0 246 383 0.5268568267299347 0.6227666282219251 -38.673656418347875 0.33018906332301867
6.0 247 384 0.5242775591098319 0.6201018846457182 -38.40536874577447 0.23384351458307862
6.0 x 385 0.5298670327874238 0.6262256677194326 -38.40536874577447 -1.2414923105521112
6.0 x 386 0.5311068962095746 0.6274959239799895 -38.40536874577447 -1.3063154594289301
6.0 248 387 0.5219463445307514 0.6176797959500194 -38.28651300651649 0.012563494812717124
6.0 249 388 0.5164170981139695 0.6115100810462062 -38.06853066119193 0.14523682415644856
6.0 250 389 0.519948670050256 0.6157135862836285 -38.011952488711366 0.18923205076058025
6.0 251 390 0.5227951741198857 0.6189530403071634 -38.41409696730309 -0.49277984446702305
6.0 252 391 0.5191521082718785 0.6149399629973173 -38.03230060669483 0.4106422866172821
6.0 253 392 0.5227505927537996 0.6191079238806803 -38.56892348001892 -0.6153791843692744
6.0 254 393 0.5171798678645457 0.6128495607850954 -37.858958853741676 0.7869992362719955
6.0 255 394 0.513214897970315 0.6084368357268668 -38.45030178092344 -0.7782442530687632
6.0 x 395 0.5174790972396727 0.6131776500974726 -38.45030178092344 -0.8661187927230714
6.0 256 396 0.520845614554181 0.6170866873332674 -38.101199124943825 0.5902034227608866
6.0 x 397 0.5238739483993358 0.6208267834620971 -38.101199124943825 -0.20723330277455432
6.0 x 398 0.5187174372150481 0.614734700439172 -38.101199124943825 -0.18664456743269398
