2.0 x 0 0.5377838964067219 0.6349254079475675 -250.145768478359 -92.9835040506955
2.0 x 1 0.5521417532299063 0.6505864202488267 -250.145768478359 -10.335387438321327
2.0 1 2 0.545576865539843 0.643470025726956 -234.06207914507448 16.032889588039012
2.0 2 3 0.5442799275925793 0.6420516986619207 -177.52880079427587 56.21226562480544
2.0 x 4 0.5426115777782429 0.6399770824712562 -177.52880079427587 -110.93194523276868
2.0 3 5 0.5397759950423943 0.6368417633031559 -172.54703192941315 4.973566453781345
2.0 4 6 0.536791214139134 0.6337186858950647 -155.59854415141015 16.82095398809151
2.0 5 7 0.5268041479198621 0.6224254270817876 -141.16863532731278 14.338830947227166
2.0 6 8 0.5270623590829975 0.6226276300915544 -129.90278427926478 11.10075312352879
2.0 7 9 0.5210762084100347 0.6161821293553902 -115.5734736670564 13.969520264715328
2.0 8 10 0.5206150794559277 0.6156599535572811 -116.57688309588696 -0.9337368791935035
2.0 x 11 0.5272517305495844 0.6231042349386594 -116.57688309588696 -19.557397901737076
2.0 9 12 0.5119649146340376 0.6058133854979602 -116.23572352945632 0.45897089635491284
2.0 x 13 0.516267360557598 0.6105279413207013 -116.23572352945632 -4.680869630415863
2.0 x 14 0.51842054183693 0.6126054169412205 -116.23572352945632 -0.6311593723740927
2.0 x 15 0.5219887106348033 0.6170703486369424 -116.23572352945632 -18.640969546781093
2.0 x 16 0.5094672848543197 0.6031314341753914 -116.23572352945632 -2.9697597970275424
2.0 x 17 0.5007102761625848 0.5932606650441561 -116.23572352945632 -2.8108924619732463
2.0 x 18 0.5111327629994876 0.6048323558258416 -116.23572352945632 -5.441799331646351
2.0 10 19 0.5089475485552647 0.6022611135778272 -114.75296787332167 0.8166132057866022
2.0 x 20 0.4994989084995105 0.5916616792396595 -114.75296787332167 -1.4262062436384753
2.0 x 21 0.5048947351678376 0.5976261103199675 -114.75296787332167 -5.580814073514233
2.0 11 22 0.5097044154889806 0.6029291436072757 -114.83340941658602 -0.08018341395468553
2.0 12 23 0.51226517678729 0.6056062216226807 -112.38442712743185 2.649056720201351
2.0 x 24 0.5123321978132259 0.6055650135571412 -112.38442712743185 -8.818038692340878
2.0 13 25 0.5113181290838738 0.6048744669380154 -111.5442142497709 1.0232499634931784
2.0 x 26 0.5107016051434098 0.6043031756338179 -111.5442142497709 -0.875412406040688
2.0 14 27 0.5065109036318531 0.5996955406586627 -110.7176941698576 0.9356794056549376
2.0 x 28 0.5140141824610653 0.6079563616361555 -110.7176941698576 -3.5975394209252727
2.0 x 29 0.5040309855900064 0.5969973219281007 -110.7176941698576 -10.003060972127933
2.0 x 30 0.5131306090844415 0.6070162298576346 -110.7176941698576 -2.650761029474239
2.0 x 31 0.5002406804641162 0.5924977281435292 -110.7176941698576 -11.55241472771506
2.0 x 32 0.5103582371123209 0.6039145429883382 -110.7176941698576 -4.293016441534384
2.0 x 33 0.5129870767635386 0.6070134623773383 -110.7176941698576 -8.477535962116129
2.0 x 34 0.5113725402878847 0.6051655016343828 -110.7176941698576 -2.9022305362379655
2.0 x 35 0.5112320014928973 0.6048576995493191 -110.7176941698576 -2.888283154618037
2.0 15 36 0.5122029158118064 0.6058699140747463 -112.79343466217992 -2.401027255555441
2.0 16 37 0.5120982892532938 0.6054711422446957 -112.11349734567409 0.9631722698671794
2.0 17 38 0.5124766193044936 0.6059394047598952 -112.18162745842966 -0.07330835465924679
2.0 18 39 0.5128712278997143 0.6063449085099754 -112.0044555255356 0.025405857442621027
2.0 x 40 0.5119090248413829 0.6052988566764865 -112.0044555255356 -1.733485640130219
2.0 19 41 0.5529029574157359 0.6515198526575253 -130.44291790620093 370.13700902001636
2.0 20 42 0.5494109268415011 0.6473726865964893 -122.66014935334167 7.491052458133844
2.0 21 43 0.5495120600524517 0.6473163231221436 -122.99887101995766 -0.5960922118587604
2.0 22 44 0.5556571808636946 0.6540390846930876 -130.59094104285828 -7.077662701608624
2.0 23 45 0.5588545603978394 0.6574081047463323 -126.42062570854725 3.973272987004151
2.0 x 46 0.5647669456052615 0.6638851461098251 -126.42062570854725 -8.661477941409657
2.0 24 47 0.5585379705844994 0.6571247219429316 -124.72936519455077 1.4318308718192228
2.0 25 48 0.5548022698606877 0.6527852604122646 -124.67350377460978 0.286414946505559
2.0 x 49 0.5550514286414346 0.6532341237135538 -124.67350377460978 -1.9793857860881587
2.0 x 50 0.5550250021578184 0.6526092526954217 -124.67350377460978 -1.4419641411046555
2.0 x 51 0.5612954368830869 0.6600536657664591 -124.67350377460978 -5.591555602989878
2.0 x 52 0.5583899540233735 0.6567876518306391 -124.67350377460978 -1.0695906126584873
2.0 26 53 0.549670721065569 0.6470554434151202 -124.96649308972489 -0.1858929132189786
2.0 x 54 0.5534048660569024 0.6511642300150453 -124.96649308972489 -4.970619808321459
2.0 x 55 0.5491278412078218 0.6461479553710185 -124.96649308972489 -6.338847807688502
2.0 27 56 0.5467013853144994 0.6440745699622568 -122.59853871190265 2.2945298746230804
2.0 28 57 0.5403048584010144 0.6373028532428939 -121.60223259442492 0.6119511835523568
2.0 29 58 0.5376952441454851 0.6343395060610774 -120.62895717340888 1.0018392495135444
2.0 x 59 0.5320563399304348 0.6281298102710212 -120.62895717340888 -6.19260056573988
2.0 30 60 0.5367500757676902 0.6333570685197178 -118.82705345713333 2.0750680308604004
2.0 31 61 0.5345617371311352 0.6306455851366636 -118.28864579279374 0.4199427770752564
2.0 x 62 0.5402415785022543 0.6372151970867599 -118.28864579279374 -6.432539056608896
2.0 x 63 0.536014714472377 0.6325209926278744 -118.28864579279374 -0.8898426192624882
2.0 x 64 0.5362018432120306 0.6324630583519333 -118.28864579279374 -1.8226539739532868
2.0 32 65 0.5337989508754811 0.6297328000368334 -118.14339531742027 0.2947600367083325
2.0 33 66 0.524685691959072 0.6195191418311662 -115.70832723261636 2.29083645345127
2.0 x 67 0.5324535161368524 0.6283066046649349 -115.70832723261636 -14.243395288395355
2.0 34 68 0.5216236922601589 0.6162218191834001 -114.47588513228466 1.369799789167935
2.0 35 69 0.5180452723325677 0.6123653623401205 -114.62034553132001 -0.33752780048325093
2.0 36 70 0.5161848658492769 0.6104041341246814 -114.53809300531671 0.05777606664942425
2.0 x 71 0.49926445517121515 0.5916755826765547 -114.53809300531671 -3.19392522879172
2.0 x 72 0.5229633051190633 0.6179432358479392 -114.53809300531671 -4.1886700919406294
2.0 37 73 0.5085026862368403 0.6017989668164304 -111.25363525087856 3.653778907130153
2.0 x 74 0.5098208776953964 0.6032323414386853 -111.25363525087856 -1.9826464196828866
2.0 38 75 0.5036918150864916 0.5963886738821221 -109.27605291757621 1.9044358174290323
2.0 39 76 0.5021220718391513 0.5948502454084404 -110.2396902351513 -0.8012282099245809
2.0 x 77 0.5002781664003048 0.5926111903424406 -110.2396902351513 -1.970069141091919
2.0 40 78 0.5020285221358942 0.5946278333947772 -109.10910164948478 1.0407156508067885
2.0 x 79 0.5064631899033315 0.5994161256276331 -109.10910164948478 -3.1791561084506483
2.0 41 80 0.5017046148207716 0.5941442488798384 -109.59815120823436 -0.7496285599682011
2.0 42 81 0.5515930840245518 0.6498412993953298 -122.8206637626226 377.49531946717326
2.0 43 82 0.5512990701023424 0.6494060447054968 -123.94036185599037 -0.9622829307868059
2.0 x 83 0.5524515247110633 0.6504488788365865 -123.94036185599037 -3.411393375582861
2.0 44 84 0.5495348421001914 0.6475542111699134 -123.38051042646245 0.5531841323835565
2.0 x 85 0.5435980058977283 0.6409403218210918 -123.38051042646245 -1.1667731917324957
2.0 45 86 0.5452637185245439 0.6426669327837239 -121.99281899350439 1.3882829711434965
2.0 46 87 0.5431301186415849 0.6403651149111184 -121.48714393344446 0.5088019586498405
2.0 x 88 0.5439127795560167 0.6412910724241137 -121.48714393344446 -2.8016549803508823
2.0 47 89 0.5392068837022389 0.6359285351092329 -119.51141503348187 1.8804872487286133
2.0 48 90 0.5300399158496567 0.6256662127836891 -117.089717099295 2.310042489690595
2.0 49 91 0.5306155305312823 0.6259101610745349 -116.99793007082317 0.18282614290126276
2.0 x 92 0.5376332039581699 0.633477714128553 -116.99793007082317 -2.186288598885888
2.0 x 93 0.5277688974194882 0.6225992739254713 -116.99793007082317 -1.5564672325018023
2.0 x 94 0.5339124525394837 0.6296457341965108 -116.99793007082317 -14.619077389746892
2.0 50 95 0.5219433381014648 0.6159192585269897 -115.72509852252324 1.1253578199412715
2.0 x 96 0.5246583948031771 0.6190866674659807 -115.72509852252324 -2.3672656884716616
2.0 51 97 0.5163562139220168 0.6096823439983093 -113.30287799354261 2.72740013805587
2.0 52 98 0.5015439772573385 0.5933535684409409 -108.90411563806245 4.449216657881735
2.0 x 99 0.5099724260710554 0.6028667924268295 -108.90411563806245 -8.653428058789224
2.0 x 100 0.5109929187537958 0.6039640340794686 -108.90411563806245 -3.9603992995893265
2.0 53 101 0.5015524112022753 0.5933221408042347 -108.63531618516657 0.154033413255398
2.0 x 102 0.4998648161518147 0.5914903714591415 -108.63531618516657 -1.4796272028634263
2.0 54 103 0.5006073659973338 0.5924589802939262 -108.5307860153018 0.058516114319573376
2.0 x 104 0.4995868967171818 0.5914085601616843 -108.5307860153018 -6.568876929185684
2.0 55 105 0.49588699992654717 0.5871814046157912 -106.91345094111958 1.7147787273585777
2.0 56 106 0.48574395106231466 0.5756702652530103 -103.89280606362719 3.0978716104240362
2.0 x 107 0.48219293399106916 0.5715789079398945 -103.89280606362719 -1.5288929385356056
2.0 57 108 0.47468122056039264 0.5630524965270733 -104.41005772559606 -0.20073786495410673
2.0 58 109 0.4736838353129934 0.5620059670327869 -103.81438665424187 0.6015971825581161
2.0 59 110 0.478692768152647 0.5678489442884206 -104.29023469103535 -0.5355525495272317
2.0 60 111 0.4792436086811313 0.568591924309002 -103.14682979378595 1.0647281098111776
2.0 x 112 0.48349428598752414 0.5733586397979691 -103.14682979378595 -8.521571661384023
2.0 61 113 0.4755216405949229 0.5643789945394805 -102.43441232681182 0.7516904909215967
2.0 62 114 0.47650599816344497 0.5652035534171715 -101.35859679522291 0.7544890610273995
2.0 x 115 0.4863269733352277 0.5764401854550021 -101.35859679522291 -7.091755439241922
2.0 x 116 0.4875998664637322 0.5778677108512226 -101.35859679522291 -2.988538283413213
2.0 63 117 0.469763394077208 0.5576286456843599 -100.87948577156402 0.37650531928749587
2.0 x 118 0.4745552773287024 0.5630137291029784 -100.87948577156402 -2.258565196077228
2.0 x 119 0.47373359395601766 0.5620260817856269 -100.87948577156402 -2.8764198306834743
2.0 64 120 0.4699950311591874 0.5578899723490386 -99.0897535994466 2.102544838213511
2.0 65 121 0.5486959897228061 0.64679569194052 -136.65276557921493 30.282685524444886
2.0 66 122 0.5547437585358752 0.6532816188841672 -137.89159365261224 -1.2744072225074277
2.0 x 123 0.5519698778709502 0.6500229099154123 -137.89159365261224 -3.6079990197354377
2.0 x 124 0.556878675293908 0.6554697293597319 -137.89159365261224 -2.574857483824694
2.0 x 125 0.5510141161695995 0.6490195771656185 -137.89159365261224 -38.92399726762066
2.0 67 126 0.5577590107811659 0.6566849445784348 -126.54145931767395 11.003976661842351
2.0 x 127 0.5660642331381579 0.6658022556353222 -126.54145931767395 -6.231814174257295
2.0 68 128 0.5546730883435813 0.6535233500640016 -124.96819478996808 1.5521738288058415
2.0 69 129 0.5524369356799617 0.650878080890745 -124.87861461705307 0.1259252285904111
2.0 70 130 0.552102475857422 0.6503919445544433 -124.53456664753477 0.33392747501478226
2.0 x 131 0.5423816433148938 0.6396958353435086 -124.53456664753477 -20.581083938011503
2.0 x 132 0.5488335871211144 0.6471302791632955 -124.53456664753477 -4.802905397958597
2.0 71 133 0.557019625581052 0.6560275917605863 -125.07489180204695 -0.6147234527505319
2.0 x 134 0.5649599045085483 0.6645465297997585 -125.07489180204695 -4.913686358825068
2.0 x 135 0.5605763752776194 0.6596783683698482 -125.07489180204695 -1.733137259018136
2.0 72 136 0.559690964278597 0.6589012593395704 -125.10167815554853 -0.11789768546627499
2.0 x 137 0.5627465862903047 0.662117398867224 -125.10167815554853 -0.787238297215147
2.0 x 138 0.5681192036312807 0.6680509531532607 -125.10167815554853 -2.4284565553242317
2.0 73 139 0.5567064614747396 0.655479526320343 -124.38031491857058 0.7434510068071631
2.0 74 140 0.5502906174015417 0.6485008882906904 -123.06650660082246 1.380041145957179
2.0 75 141 0.5569149297967643 0.6558524868323049 -124.2863496947263 -1.3242622159917659
2.0 76 142 0.5532840030287455 0.6516185265376125 -123.72125706125676 0.6480394462742254
2.0 x 143 0.5586789353304379 0.6576973038595043 -123.72125706125676 -1.7535784598227693
2.0 x 144 0.5596105483410695 0.6584473505233044 -123.72125706125676 -1.5871042121372838
2.0 77 145 0.5492501329108151 0.6473664955321148 -123.96012300273404 -0.12392792224350302
2.0 78 146 0.547706701673953 0.6458688567839105 -121.9165028812022 1.8992678169622934
2.0 79 147 0.5473622696645698 0.6455810580094855 -122.27582062625419 -0.2988849572293901
2.0 x 148 0.5527987348756281 0.6515660637257243 -122.27582062625419 -0.9609123270738422
2.0 x 149 0.5484335560694871 0.6466666579531315 -122.27582062625419 -2.6657413719729774
2.0 x 150 0.5463817718577023 0.6446955118880262 -122.27582062625419 -4.491142807053102
2.0 80 151 0.5384610008130497 0.6358245700908042 -120.51672425778034 1.8484753436840293
2.0 81 152 0.5357434718519227 0.6325628484552519 -118.44793568151063 1.8788973130816728
2.0 82 153 0.5319697261158938 0.6283171544265846 -117.4026339108741 1.0499170086702705
2.0 x 154 0.5333710058725201 0.6301061770280755 -117.4026339108741 -0.7990299454973311
2.0 x 155 0.541695539520586 0.6390532230628378 -117.4026339108741 -4.693933315622303
2.0 x 156 0.5317453254105827 0.6281530566094397 -117.4026339108741 -0.23628903840437232
2.0 x 157 0.5297542571075987 0.6260183315584626 -117.4026339108741 -2.296291480649373
2.0 x 158 0.5311231509158357 0.6276030321625613 -117.4026339108741 -1.0057915460353541
2.0 83 159 0.5267589229836483 0.6224851583322423 -116.93792528526299 0.6835317942517634
2.0 x 160 0.5257854587692361 0.6215204630397032 -116.93792528526299 -2.112332049225259
2.0 84 161 0.5508287399098986 0.6492553895915657 -131.68047648579997 35.278834587244155
2.0 85 162 0.5509752158763749 0.6494441260354219 -128.14407022734326 3.4427429816214214
2.0 86 163 0.5536910101405226 0.6523435762610255 -124.17099475093985 3.7561254188348343
2.0 87 164 0.5553365606313625 0.653834304546534 -123.9424411297169 0.13807137737364883
2.0 88 165 0.5545958667480447 0.6530696330640958 -124.18400626980961 -0.43040636563935664
2.0 89 166 0.554244151037819 0.6525401204706818 -123.5188699652271 0.828309831190353
2.0 x 167 0.5546429460954957 0.6532893216885033 -123.5188699652271 -2.6714573494517424
2.0 90 168 0.5519599733752868 0.6498748851421182 -123.74798044973414 -0.4033236175154826
2.0 91 169 0.5464223641179906 0.6440030561152825 -123.51603564065844 0.1580684173932312
2.0 92 170 0.5453449014034948 0.6426339353389564 -121.22086228854289 2.4916944238519747
2.0 x 171 0.5552153667974263 0.6532279366799321 -121.22086228854289 -2.496845667037306
2.0 93 172 0.5435471865947759 0.6406275856578438 -120.640086479503 0.6884528971491335
2.0 94 173 0.5406883613260197 0.6373993812696014 -119.99943618968057 0.5419934872871721
2.0 95 174 0.5390425942248032 0.6356031615602818 -119.5444525533158 0.46961279422397695
2.0 x 175 0.5340786489672644 0.6303988424134997 -119.5444525533158 -2.028663515075472
2.0 96 176 0.5353846501434699 0.6316869046151913 -118.91986148782851 0.5837612325094952
2.0 x 177 0.5273129817148736 0.622679637560747 -118.91986148782851 -4.136456056659874
2.0 x 178 0.530086295617327 0.6256810835061896 -118.91986148782851 -7.830176624508709
2.0 97 179 0.5267772320759665 0.6225518057521083 -117.1897184963657 1.7062764780807527
2.0 98 180 0.5217313671937295 0.6169881110424186 -115.27135887206745 1.9739181928196885
2.0 x 181 0.5264574982319684 0.6221927782582473 -115.27135887206745 -2.5586431115591495
2.0 x 182 0.5214253377509883 0.6166309087349701 -115.27135887206745 -12.754282602757385
2.0 99 183 0.5173611336593434 0.6122106419631315 -113.36533060927792 2.0050481407548446
2.0 100 184 0.5166248383947489 0.6115805653071382 -113.01978964528179 0.4046275241327848
2.0 101 185 0.5124700952679164 0.606899801599957 -112.33212525195324 0.5861287145909273
2.0 x 186 0.5075065941699998 0.6013680210238107 -112.33212525195324 -2.6322335954602067
2.0 102 187 0.5156238209650608 0.6103937642530285 -113.67361815018319 -1.3914484741431252
2.0 103 188 0.5193949235666251 0.6146978612845312 -114.32641242974279 -0.6374649868666538
2.0 x 189 0.5317005738303503 0.6282227185582111 -114.32641242974279 -3.8748191537325027
2.0 104 190 0.5135536003942622 0.607902906727486 -114.59157392028537 -0.3965813028542797
2.0 x 191 0.5181859928124376 0.6131490153687149 -114.59157392028537 -2.1180293673100152
2.0 x 192 0.5141257137145196 0.6086206730250839 -114.59157392028537 -4.533626734835359
2.0 x 193 0.5071426451143265 0.6006184345909529 -114.59157392028537 -2.1008518179646245
2.0 x 194 0.5162791257402067 0.6110521060213152 -114.59157392028537 -1.7649360174935254
2.0 105 195 0.5057903841304698 0.5992385130578374 -115.00125545499338 -0.5026989156772004
2.0 106 196 0.5015219991949872 0.5946029420867669 -108.66227286729298 6.709316975643745
2.0 107 197 0.4927763845805352 0.5846060743737915 -109.71240391275765 -1.3073258252017865
2.0 x 198 0.4889378835906684 0.5802256547106718 -109.71240391275765 -4.687459125396153
2.0 x 199 0.5055106879934719 0.5990492939344506 -109.71240391275765 -5.721028417238472
2.0 108 200 0.49804030633275975 0.5908278207803704 -107.7564185790223 2.336676419964931
2.0 109 201 0.5508025507366877 0.6493705679604515 -122.5875816169015 43.91875722920096
2.0 110 202 0.5473841666577193 0.6457553261482976 -121.66117045790568 0.8932483016512478
2.0 111 203 0.5465023875128043 0.6446279941461525 -121.62936647345293 0.13944989698214272
2.0 x 204 0.5468096968033599 0.6450151361357579 -121.62936647345293 -1.9636314366255547
2.0 112 205 0.5469914385006038 0.6451595011486074 -121.6126913242966 -0.019835236802641987
2.0 113 206 0.5383359466470556 0.6358397892573232 -120.8677053195966 0.9412451091305769
2.0 x 207 0.5433647152184754 0.6413669092818366 -120.8677053195966 -3.8255789245542005
2.0 114 208 0.539342835058419 0.6368458732205915 -121.37511261301228 -0.49317263999418515
2.0 x 209 0.5391244500872472 0.6366813884802001 -121.37511261301228 -2.5077850821793106
2.0 x 210 0.5360622820114181 0.6333256968279591 -121.37511261301228 -2.7595494964523724
2.0 115 211 0.5326418260967711 0.6293699879787915 -119.19915352494988 2.183811931787865
2.0 116 212 0.5300353620563475 0.6263556002723908 -120.27508081269528 -0.9785268001683107
2.0 117 213 0.5185167420578765 0.6136128295666251 -118.58680324582616 1.7908890320549133
2.0 x 214 0.520134649180658 0.6153555675817192 -118.58680324582616 -5.2427226258927035
2.0 118 215 0.5147215411044421 0.6093401213950069 -112.66666890110767 5.667415222523324
2.0 119 216 0.5142322414670396 0.6090410960947463 -112.33140067759183 0.2527593055353776
2.0 x 217 0.5199918418014683 0.615570466136188 -112.33140067759183 -1.6634842015714781
2.0 x 218 0.5193634656875579 0.6148841069574028 -112.33140067759183 -1.5655598178935222
2.0 120 219 0.5143973930623622 0.6091760547309831 -112.37928601779342 -0.0117571264244134
2.0 x 220 0.5158157039177743 0.6109207203756167 -112.37928601779342 -0.997722746452304
2.0 121 221 0.5088047235711677 0.602922418135152 -110.86201688197914 1.4701068677833575
2.0 122 222 0.5059063422299654 0.5994604043639443 -111.22882480700437 -0.11278238923306105
2.0 x 223 0.5067571319996369 0.6007128876337403 -111.22882480700437 -1.4416888109795423
2.0 123 224 0.5063010807418148 0.5999694932729156 -110.07545712430996 0.9218404220763787
2.0 x 225 0.5119670820046137 0.6062368162615691 -110.07545712430996 -8.311259676985792
2.0 124 226 0.5016816855199268 0.5945823922169791 -108.73615145518079 1.4488204326085494
2.0 x 227 0.49955701864269064 0.5922345023850095 -108.73615145518079 -0.20872284998921486
2.0 125 228 0.5015875197891146 0.5945294943973194 -108.73607034666932 -0.10720006085441014
2.0 x 229 0.5053179650984254 0.5986041103885295 -108.73607034666932 -0.930382086527068
2.0 126 230 0.4974893781534486 0.589901131010203 -107.7802164975653 1.1287915445305359
2.0 127 231 0.4868037811044377 0.5778648665804775 -105.11657740133944 2.4316747684907227
2.0 128 232 0.4800765503412724 0.5703539372522458 -102.28509553347605 2.9406860734641427
2.0 x 233 0.4845414659348784 0.5754790568686555 -102.28509553347605 -2.6065675628467844
2.0 x 234 0.4814325557113836 0.5718115713028966 -102.28509553347605 -0.49608079967772767
2.0 129 235 0.4781484426739057 0.5681451038107378 -101.5246296733473 0.8804146961807291
2.0 x 236 0.48033874487643574 0.5706723451724954 -101.5246296733473 -1.5821089881901145
2.0 130 237 0.4729700556813063 0.5622537900357618 -100.2195065133446 1.1874155546359049
2.0 x 238 0.4741366172923627 0.5636437947853142 -100.2195065133446 -1.5990131392843665
2.0 131 239 0.4623563579321429 0.5497650063806651 -96.51405024201134 3.8145538689070975
2.0 x 240 0.46504444151595536 0.552979529615415 -96.51405024201134 -2.130330227519181
2.0 132 241 0.5485794102187806 0.6467738634279662 -122.44064326398414 44.111558367543196
2.0 x 242 0.5470547075401632 0.6452110167946619 -122.44064326398414 -0.5500364730309144
2.0 x 243 0.5526695292168349 0.6517340309901541 -122.44064326398414 -1.989853276271873
2.0 x 244 0.5528419988106889 0.6513033341078122 -122.44064326398414 -8.314025837615674
2.0 133 245 0.5497711922631341 0.6479367186099563 -122.42424166056168 -0.1560082550588362
2.0 x 246 0.5518504497378083 0.6501396437533736 -122.42424166056168 -2.9705347337720838
2.0 x 247 0.5522827444126027 0.6510243456025967 -122.42424166056168 -2.775069523477889
2.0 134 248 0.5467262497155646 0.6445479970658307 -121.50516388314355 1.0248225743379393
2.0 135 249 0.5374724649849657 0.6344261336902045 -120.6578521334429 1.0553118926335827
2.0 136 250 0.5337522357314466 0.630576493595007 -117.94452656601587 2.5671941678881254
2.0 x 251 0.5374525491699711 0.6346716219177797 -117.94452656601587 -5.833871193686662
2.0 x 252 0.5273483414786702 0.6233993121279985 -117.94452656601587 -0.44398871143676644
2.0 137 253 0.529351924214533 0.6252112455982088 -117.34120250835383 0.4416469282873976
2.0 138 254 0.5172150327580511 0.6117207747104381 -113.324959007106 4.13546196913736
2.0 139 255 0.5201713702097599 0.6152668273765625 -114.06212741458435 -0.7112658448036342
2.0 140 256 0.5095745119304946 0.6033852568882251 -112.24094717206721 2.073927887567031
2.0 x 257 0.5133778857917464 0.6075037637369608 -112.24094717206721 -15.511474783749087
2.0 x 258 0.5136069964727458 0.6082273655912245 -112.24094717206721 -1.4765928760786338
2.0 141 259 0.5026647295741143 0.5956106884089243 -108.93753310379233 3.1456817254608254
2.0 142 260 0.49353452764980504 0.5851959141998716 -107.59209730789593 1.1877321738943323
2.0 x 261 0.49002147785640304 0.5811826945697994 -107.59209730789593 -3.3969398601790672
2.0 143 262 0.48560947023986295 0.5760557562485904 -105.65850850089869 1.9373068963477067
2.0 144 263 0.49295288772402535 0.584125544063884 -106.08826041581382 -0.1976651501607094
2.0 x 264 0.5030738699191141 0.5953839080197899 -106.08826041581382 -5.600960465639432
2.0 145 265 0.48152514947327335 0.571176691818724 -106.81252636580865 -0.39491285519567754
2.0 146 266 0.47720475326124706 0.5660558028615046 -102.63827272283766 3.672753330962422
2.0 x 267 0.4848973372509528 0.5750616110935999 -102.63827272283766 -0.8338901475815135
2.0 147 268 0.4805723973198633 0.5697422424194808 -102.94506990180767 -0.2627256486071161
2.0 x 269 0.48539384950472514 0.5752448790203278 -102.94506990180767 -1.438766040748071
2.0 x 270 0.47368387210428003 0.5619351694131612 -102.94506990180767 -2.5604262295919753
2.0 x 271 0.4888404217487118 0.5789487766311091 -102.94506990180767 -1.8022937681488216
2.0 x 272 0.4822327636584808 0.5715519578157209 -102.94506990180767 -2.1633018103849793
2.0 148 273 0.4733332436770048 0.5617458501647106 -99.99937687795517 3.1455524874834495
2.0 x 274 0.4809226417398131 0.5704432081371148 -99.99937687795517 -3.7899733422519404
2.0 x 275 0.4702458864162272 0.5582216290751841 -99.99937687795517 -4.673276243580808
2.0 149 276 0.4672105374473606 0.5548258256037009 -98.4609040176606 1.4352887331266828
2.0 150 277 0.46363803207270954 0.5507311019563782 -99.18965730576804 -0.8668716211497838
2.0 x 278 0.46242954658106755 0.5492296347705222 -99.18965730576804 -7.77217024793584
2.0 x 279 0.4709414633336183 0.5590583502954712 -99.18965730576804 -1.7729822537465907
2.0 151 280 0.4695472655465967 0.5575951441865203 -99.08887791455636 0.23783205145230113
2.0 152 281 0.5456111573876791 0.6435167834029575 -121.24074126964848 45.3624995698107
2.0 153 282 0.5512247158980126 0.6495200842362199 -124.79203840750061 -3.394478758197252
2.0 154 283 0.540210060597836 0.6377057834369293 -122.18539494088353 2.1524016079743333
2.0 x 284 0.5431904836698593 0.6411367181784084 -122.18539494088353 -0.7236164759950228
2.0 155 285 0.5415578054661337 0.6393384777565915 -121.08305321463445 1.5303366547112276
2.0 x 286 0.5433625362932014 0.6413839303984641 -121.08305321463445 -1.49026340565365
2.0 x 287 0.5438789229202946 0.6416851996184402 -121.08305321463445 -6.287033298814642
2.0 156 288 0.5372173398901204 0.6342974871572943 -121.01293035273373 0.15765520468762872
2.0 x 289 0.5435532939554746 0.6411551092045324 -121.01293035273373 -4.351339709278477
2.0 157 290 0.5376314600717891 0.6344475745995829 -118.97202998654001 1.8282393632611829
2.0 x 291 0.5395023337345952 0.6364257665333903 -118.97202998654001 -0.9722208864824324
2.0 158 292 0.5359054539116642 0.6325167962323158 -118.80545610369398 0.249816742175625
2.0 x 293 0.5354784842237729 0.6321227634050289 -118.80545610369398 -1.0028358763360359
2.0 x 294 0.5450864557183711 0.6427788229597131 -118.80545610369398 -3.7226538659471657
2.0 159 295 0.5275187283331685 0.6233399005571111 -116.29186473433614 2.512328699257182
2.0 x 296 0.5295368067784632 0.625303437314472 -116.29186473433614 -4.805301001567869
2.0 160 297 0.5195500989913271 0.6146394342496846 -114.99484392212898 1.4246830330321174
2.0 x 298 0.5161904927685165 0.6108749071984609 -114.99484392212898 -1.132777492316528
2.0 x 299 0.5120199217685547 0.6063829032370499 -114.99484392212898 -0.7384298590305605
2.0 x 300 0.5204171303796492 0.6153852246019154 -114.99484392212898 -4.028156920823349
2.0 x 301 0.5155910405074404 0.6101336954564692 -114.99484392212898 -1.6531838428930712
2.0 x 302 0.5180659864358448 0.6129457361773742 -114.99484392212898 -0.7569494529802299
2.0 x 303 0.5312240595836888 0.6274681750637816 -114.99484392212898 -2.522863516033972
2.0 161 304 0.5170771644319331 0.61163533445963 -114.68001006076526 0.3603875797459324
2.0 162 305 0.5146108687693333 0.6089031712817662 -113.65770708140431 1.0069943374830572
2.0 163 306 0.5026899436788178 0.5956815461061612 -109.12351324161585 4.3352340291773075
2.0 x 307 0.5021858575587348 0.5948986589611155 -109.12351324161585 -1.6902334172704556
2.0 x 308 0.5112656482139006 0.605287024503734 -109.12351324161585 -5.35861523798426
2.0 164 309 0.5029407786499402 0.5958656790447836 -109.06839353044066 0.16337612277457936
2.0 x 310 0.5005246785051409 0.5931164332500981 -109.06839353044066 -1.3638288618288001
2.0 x 311 0.509585575629021 0.6033989180541398 -109.06839353044066 -2.0526431367436047
2.0 x 312 0.5095745576563457 0.6031796362656465 -109.06839353044066 -4.366153177770727
2.0 165 313 0.502409760826651 0.5954671185234115 -108.89750447328595 0.16923833554880474
2.0 x 314 0.5051082350981076 0.5984122509559382 -108.89750447328595 -2.723403036842143
2.0 x 315 0.5068111201700503 0.6002187023798521 -108.89750447328595 -1.4728094007766686
2.0 166 316 0.5003366293240146 0.5931758977288597 -108.56636478179831 0.39247616025760834
2.0 x 317 0.5045207189782857 0.597937782379107 -108.56636478179831 -3.4815142044188505
2.0 x 318 0.5071905841508852 0.6010664683653086 -108.56636478179831 -2.0346272139691663
2.0 167 319 0.4951015802725173 0.5873018453358422 -108.9749902928659 -0.23853714920133484
2.0 x 320 0.49565049719688625 0.5879183141556202 -108.9749902928659 -5.646946076853553
2.0 168 321 0.5517061931193592 0.6500773705590908 -129.79042919670601 36.91558268554955
2.0 x 322 0.5544758027096977 0.6532439371986053 -129.79042919670601 -8.57625373825072
2.0 169 323 0.555312801890849 0.6541010349772258 -130.08785372639994 -0.3333970111821287
2.0 x 324 0.5534098760492528 0.6519819980523338 -130.08785372639994 -0.7179541515323677
2.0 170 325 0.5562452871719958 0.6548061996363096 -124.89439645574629 4.949938664642104
2.0 x 326 0.5585971112502299 0.657122885676867 -124.89439645574629 -3.7862309683376623
2.0 171 327 0.5556667175231917 0.6543431720526417 -124.21083943176255 0.6335670794274932
2.0 172 328 0.5533794067998983 0.651991644083014 -123.26181930431551 0.872129035013792
2.0 173 329 0.5539865579321814 0.6524873652255413 -123.43185585382713 -0.20172171575844544
2.0 x 330 0.55049870072204 0.6489713450760914 -123.43185585382713 -1.4729937209672386
2.0 174 331 0.5593929843213998 0.6582525344849087 -124.87466381610997 -1.4292688059336598
2.0 175 332 0.5546971401423001 0.6530173820778601 -123.98245224578235 0.9988374139563874
2.0 x 333 0.5504977709882026 0.6485397626379977 -123.98245224578235 -4.843297537414159
2.0 x 334 0.5523581213987628 0.6506328458199929 -123.98245224578235 -3.9506072972345407
2.0 x 335 0.5512313512531848 0.6492893503011875 -123.98245224578235 -1.2987756342690773
2.0 176 336 0.5493476748806079 0.6472483431471723 -122.95972819151864 1.083011498602005
2.0 177 337 0.5424852639863385 0.6397552236809532 -120.9063370890655 2.067242166188315
2.0 178 338 0.5495084159413003 0.6473802312130302 -122.32170770070135 -1.5134455698259899
2.0 x 339 0.5544363309871057 0.6524872000199338 -122.32170770070135 -1.2903701819326798
2.0 x 340 0.5503548336136621 0.6484637564430115 -122.32170770070135 -0.7412832075204037
2.0 x 341 0.546471430155098 0.6437157816570925 -122.32170770070135 -1.3025492921057165
2.0 x 342 0.5559446248040957 0.6541867604621242 -122.32170770070135 -4.204078541574411
2.0 x 343 0.5491843059313651 0.6472637347941098 -122.32170770070135 -4.124848511263316
2.0 179 344 0.5468087125591649 0.6446165983779023 -121.59990689901772 0.6216419203597212
2.0 180 345 0.5399773274744956 0.6369794282923835 -121.14126359144595 0.333314713266752
2.0 x 346 0.5398454445422243 0.6367942394115919 -121.14126359144595 -3.330342921925144
2.0 181 347 0.5419900270546975 0.6390425332866927 -120.46975863725241 0.7902817730498128
2.0 x 348 0.5399988023388885 0.6368727691344944 -120.46975863725241 -2.839115841456497
2.0 182 349 0.5443357861857859 0.6417332456276452 -120.83526437480826 -0.25985154673302446
2.0 183 350 0.5357379120397819 0.6324399173597889 -121.05304807225711 -0.4989190312661336
2.0 x 351 0.5336421418699241 0.6299010065856656 -121.05304807225711 -7.153723433084274
2.0 x 352 0.5368709800143211 0.6335743565770079 -121.05304807225711 -0.3642117423441391
2.0 184 353 0.5387687709927313 0.6358911039256824 -121.96352725237824 -0.9325755366776249
2.0 185 354 0.5348448203332812 0.6316736192655907 -121.3030169326053 0.6467677342415428
2.0 186 355 0.5311057807696535 0.6276582080761735 -117.16383008188012 4.443302399875414
2.0 x 356 0.5310980585373194 0.6276699701833462 -117.16383008188012 -2.295779146253338
2.0 x 357 0.5348323191633514 0.6317165958720224 -117.16383008188012 -2.9610000467745223
2.0 x 358 0.5405935795626713 0.6382596716408111 -117.16383008188012 -5.678422584577305
2.0 x 359 0.5316629087914856 0.6283751014714037 -117.16383008188012 -1.2224652175924362
2.0 187 360 0.5222341068927886 0.6181296763520684 -115.46085636303837 1.6136096748454989
2.0 188 361 0.5481174640234346 0.6461863414806782 -122.45067259097979 378.01756752021055
2.0 x 362 0.5522313559602124 0.650763398258623 -122.45067259097979 -3.211627360772738
2.0 189 363 0.5465711401716512 0.6447359373149902 -121.41719187482882 0.9196104245714949
2.0 x 364 0.5487035003050217 0.6472532421505561 -121.41719187482882 -5.089339090890817
2.0 190 365 0.5408863643130556 0.6385983565532065 -121.14388154852017 0.08969579595029131
2.0 x 366 0.5502664678268924 0.6488688456366695 -121.14388154852017 -12.936961926638993
2.0 191 367 0.5402272051944679 0.6379757317275955 -120.99133531841787 0.1373987469423099
2.0 x 368 0.543931021781612 0.6420576189310919 -120.99133531841787 -2.717282456401442
2.0 x 369 0.5374081356752216 0.6348029036682605 -120.99133531841787 -2.0951211874996076
2.0 x 370 0.5347228343104877 0.6320634848592281 -120.99133531841787 -5.43659602902278
2.0 x 371 0.5425483315113121 0.6404109741997808 -120.99133531841787 -7.549071915202944
2.0 192 372 0.542451165365161 0.6401374043356363 -120.60104503237723 0.6719758711991517
2.0 193 373 0.5384271438867773 0.635672586967724 -119.49702666386304 1.1209412421616491
2.0 x 374 0.5458434446477795 0.6437714351127131 -119.49702666386304 -2.710742740846051
2.0 194 375 0.5345424975289901 0.6314053529255735 -119.43041417561881 -0.20985764750990654
2.0 195 376 0.5296115542426415 0.6257263017928395 -116.73716840519388 2.9380934452364045
2.0 x 377 0.5402817295543876 0.6374453814065877 -116.73716840519388 -7.797441579587989
2.0 196 378 0.5231087493661006 0.6186734305366792 -115.09925502948576 1.7246784870045957
2.0 x 379 0.5243499760113782 0.6200383767983014 -115.09925502948576 -0.19285652472581916
2.0 x 380 0.5198243379685276 0.6148734223025908 -115.09925502948576 -5.17951051774471
2.0 197 381 0.523550619332841 0.6193335480508388 -115.22317363304975 -0.1290884847623488
2.0 198 382 0.5202783065844235 0.6155672188556056 -114.30307677013766 0.9363982565433702
2.0 199 383 0.5184592600412984 0.6135034454467266 -113.5634201225235 0.6434199160205694
2.0 200 384 0.5154062358166307 0.6102853631020855 -112.77917569567215 0.7496338917509391
2.0 x 385 0.5213377398137617 0.6168182564149712 -112.77917569567215 -2.8697043905829887
2.0 x 386 0.5222548100642147 0.617771561022371 -112.77917569567215 -4.44796813591099
2.0 201 387 0.5130864584366824 0.6078685084638522 -112.95098193847434 -0.2786057795321284
2.0 202 388 0.5073572172991956 0.6014316196535501 -112.65484617965843 0.22378606719116334
2.0 203 389 0.5111282542755274 0.6059208605658194 -111.88020867744432 0.9070825592103517
2.0 x 390 0.5140495309093464 0.6092763593562347 -111.88020867744432 -1.664437804879185
2.0 204 391 0.5073768540390843 0.6017470462162919 -110.68432663407584 1.2245383115764454
2.0 x 392 0.5111089737475834 0.6060824352423362 -110.68432663407584 -1.7453504062545875
2.0 205 393 0.5012912476677028 0.5948295019709214 -108.60283232830281 2.1582410490907975
2.0 x 394 0.4971056756968738 0.5900922322087784 -108.60283232830281 -1.0990983729004569
2.0 x 395 0.5057831193848266 0.5998632439443456 -108.60283232830281 -1.667888570519061
2.0 x 396 0.5095534781860549 0.6042548871937999 -108.60283232830281 -4.189807279512941
2.0 206 397 0.5044701012285757 0.5987512183126643 -109.51876073696872 -0.8445224119508055
2.0 207 398 0.5021006636797319 0.59611583443857 -109.00603380826466 0.4028048160540152
