3.00 50000.00 10.00 100.00 1.00 0.10 64.93 21.51 100.00 59.33 39.84 100.00 51.08 51.48 1.81 iris_0 
4.00 50000.00 10.00 100.00 1.00 0.10 65.78 10.87 85.71 84.63 9.54 96.33 47.83 45.46 4.70 Ionosphere_0 
5.00 50000.00 10.00 100.00 1.00 0.10 83.87 17.33 97.55 90.59 16.67 99.52 41.71 43.87 5.13 Cancer_0 
6.00 50000.00 10.00 100.00 1.00 0.10 77.90 1.92 79.71 77.74 1.27 79.57 46.17 29.61 69.89 bank-additional_0 
7.00 50000.00 10.00 100.00 1.00 0.10 73.91 17.36 91.98 70.09 16.08 85.68 46.89 24.95 87.06 PenDigit_0 
8.00 50000.00 10.00 100.00 1.00 0.10 100.00 0.00 100.00 100.00 0.00 100.00 49.88 92.61 327.45 chess_0 
3.00 50000.00 10.00 300.00 1.00 0.10 73.93 16.70 100.00 67.71 19.45 99.08 45.86 55.00 2.10 iris_1 
4.00 50000.00 10.00 300.00 1.00 0.10 65.21 18.39 98.78 42.58 30.58 96.33 46.27 49.75 4.59 Ionosphere_1 
5.00 50000.00 10.00 300.00 1.00 0.10 90.91 10.22 98.98 95.99 5.88 99.52 44.70 49.71 5.20 Cancer_1 
6.00 50000.00 10.00 300.00 1.00 0.10 78.08 2.23 80.66 76.90 1.57 79.54 46.27 28.34 67.64 bank-additional_1 
7.00 50000.00 10.00 300.00 1.00 0.10 76.02 8.01 88.83 72.31 7.21 83.22 45.86 24.86 89.13 PenDigit_1 
8.00 50000.00 10.00 300.00 1.00 0.10 100.00 0.00 100.00 100.00 0.00 100.00 50.68 93.26 326.94 chess_1 
3.00 50000.00 10.00 500.00 1.00 0.10 56.45 17.46 95.24 42.12 35.80 95.71 46.99 46.84 1.99 iris_2 
4.00 50000.00 10.00 500.00 1.00 0.10 73.25 9.01 86.53 77.50 11.68 97.25 52.69 43.59 4.65 Ionosphere_2 
5.00 50000.00 10.00 500.00 1.00 0.10 84.19 18.68 98.16 87.40 24.13 99.52 42.86 46.00 5.24 Cancer_2 
