5.0 x 0 0.5377838964067219 0.6349254079475675 -100.0583073913436 -36.97268735081507
5.0 x 0 0.5377838964067219 0.6349254079475675 -100.0583073913436 -36.97268735081507
5.0 1 1 0.5521417532299063 0.6505864202488267 -104.20262182440283 -4.1189157887324725
5.0 2 2 0.5490410051017457 0.6471971274767085 -97.51021747657607 6.641667412180787
5.0 3 3 0.5477364101576716 0.6457727545059487 -73.58267965376626 23.606650269362312
5.0 x 4 0.5461561744249491 0.6437909311637207 -73.58267965376626 -46.58939853146899
5.0 4 5 0.5433685515474372 0.6407207448480227 -71.54491335374992 2.0296392800908905
5.0 5 6 0.5403810032230966 0.6376015503629339 -64.32806011916662 7.089382760156127
5.0 6 7 0.5305006502382013 0.6264462374196285 -58.24477451100172 5.9923596954088225
5.0 7 8 0.5307266755627202 0.6266100255442061 -53.32747565815041 4.752331752997236
5.0 8 9 0.524831456961889 0.6202857975361314 -46.93311285930264 6.0345529820807045
5.0 9 10 0.5244137435059476 0.6198142144501699 -47.442591057479696 -0.43968671263954917
5.0 x 11 0.5308894682694202 0.6270657345398749 -47.442591057479696 -8.382101944953625
5.0 10 12 0.5159201435418084 0.6101640715940813 -47.490210862154896 0.07030986065700517
5.0 x 13 0.5203183176176874 0.6149661910252868 -47.490210862154896 -2.0232094566104735
5.0 11 14 0.5224418606600673 0.6169963468308716 -47.62619493660421 -0.21609726823729147
5.0 x 15 0.5320383841445685 0.6277234829432571 -47.62619493660421 -7.040417783722788
5.0 12 16 0.5199996089310611 0.614414499305853 -48.850462016593816 -1.1027366032085624
5.0 x 17 0.5090515798468764 0.6022995226864613 -48.850462016593816 -1.9094900092093994
5.0 x 18 0.5192684146726051 0.6135524294196426 -48.850462016593816 -2.860407233044114
5.0 13 19 0.517123363593124 0.6110138002796932 -46.06788326555113 2.1160633960927413
5.0 14 20 0.5079911421372509 0.6008341955912125 -46.28792888591997 -0.34150664844989365
5.0 x 21 0.5038390999274427 0.5960782956824966 -46.28792888591997 -2.5948083349768822
5.0 15 22 0.5087954184614413 0.6015436554781067 -46.31670934700453 -0.028547274232728626
5.0 16 23 0.5113154829688007 0.6041540198179296 -45.080141135858206 1.436881557651951
5.0 x 24 0.511244339072293 0.603954578355005 -45.080141135858206 -1.9801276209582426
5.0 17 25 0.5102576398583906 0.6033299419280627 -44.469802817594754 0.7930703914404234
5.0 x 26 0.5095940554927155 0.6027143922229522 -44.469802817594754 -0.7641116223059825
5.0 18 27 0.5053147057689346 0.5980231823142073 -43.97121359208343 0.6076592293562157
5.0 x 28 0.5130484668502198 0.6065311641692815 -43.97121359208343 -1.2374272666444597
5.0 x 29 0.5027618550371209 0.5952509361977878 -43.97121359208343 -2.89452619986114
5.0 x 30 0.511973797937108 0.6053884065513464 -43.97121359208343 -1.7319707349264348
5.0 x 31 0.4989005086124257 0.59066014008874 -43.97121359208343 -3.317207217301558
5.0 x 32 0.5093318774105208 0.6024186328364927 -43.97121359208343 -1.2897950861541077
5.0 x 33 0.5119002397885418 0.6054722433890765 -43.97121359208343 -2.6530394041244776
5.0 19 34 0.5102897850943552 0.6036150148117306 -44.98335952775929 -0.9255992382125697
5.0 x 35 0.5151704757408586 0.6089129509940828 -44.98335952775929 -0.8605934745704786
5.0 x 36 0.5161058940301466 0.6098880459317684 -44.98335952775929 -0.7025959325017155
5.0 x 37 0.5103189815213155 0.603348149383441 -44.98335952775929 -2.8470935268375825
5.0 20 38 0.5105602244219739 0.6039691867456943 -44.9817470075705 -0.0036817158581712306
5.0 21 39 0.5109365730469182 0.6043579266835561 -44.56161337778399 0.2686245018667961
5.0 22 40 0.5101761611930067 0.6035311987012613 -44.80771711874786 -0.4375837868181094
5.0 23 41 0.5146547789688378 0.60859761495589 -45.42219951808595 -0.3050902537516933
5.0 24 42 0.5105214018726606 0.6036720547276185 -44.76771768185639 0.3629759554887144
5.0 x 43 0.5104531889198947 0.603400091561654 -44.76771768185639 -2.0561577291451627
5.0 x 44 0.5174409454211053 0.6113994179786277 -44.76771768185639 -2.9460858396612366
5.0 x 45 0.5143987191898521 0.607872747211423 -44.76771768185639 -1.7908100370000781
5.0 25 46 0.518095051714084 0.6122127093256469 -45.596975323331 -0.6094184231911655
5.0 x 47 0.5181225983081975 0.6122852750795077 -45.596975323331 -0.3006133014519463
5.0 x 48 0.5131204500883744 0.606437664252824 -45.596975323331 -0.7346609660426537
5.0 x 49 0.5180153964971431 0.6123101832774278 -45.596975323331 -1.542209185866021
5.0 26 50 0.5185779001914219 0.6123239910421479 -46.11118699267324 -0.43824601510117134
5.0 x 51 0.5266917019931933 0.621525217211817 -46.11118699267324 -2.805898875582109
5.0 27 52 0.5230137972861928 0.6173087188087613 -46.09149708260553 -0.31336360916713346
5.0 28 53 0.5167276890877192 0.6102156485635463 -45.22074446144809 0.9785140288841703
5.0 x 54 0.5208322927816593 0.6148329561248961 -45.22074446144809 -0.6136408113921163
5.0 29 55 0.5162217523549758 0.6092998921828534 -45.75266457229121 -0.3297900271792571
5.0 30 56 0.5130931909755138 0.6061399777741153 -44.965489169605256 0.7133400915593171
5.0 x 57 0.505468622746804 0.5978563023503706 -44.965489169605256 -0.6031269086100721
5.0 31 58 0.509873842012486 0.602475187869773 -44.63852957616541 0.35545010856102266
5.0 32 59 0.5031972140999793 0.5950668788157334 -44.23789587792826 0.09353816311836027
5.0 33 60 0.5021210557771113 0.5939915284623836 -43.57458674940109 0.9346486332310846
5.0 34 61 0.4994726442821267 0.5907108895747228 -43.254090881683496 0.20060126791680943
5.0 x 62 0.5058397746226077 0.5981552362323949 -43.254090881683496 -2.7990918112725964
5.0 35 63 0.5013487413802383 0.5931190304930183 -43.82164469625905 -0.3521826353836133
5.0 36 64 0.5028650750673055 0.5948666457214937 -43.61126210765839 0.07797300284117625
5.0 37 65 0.5020727976967359 0.5938735242413155 -44.03367540333235 -0.2728943769690275
5.0 38 66 0.4905482600905598 0.580874436797437 -42.1226605434107 1.7664720084011947
5.0 x 67 0.49943825192051383 0.5910531083519064 -42.1226605434107 -7.958183950377951
5.0 39 68 0.4866647629498754 0.5766342522643887 -41.83565139224083 0.4234280133986985
5.0 40 69 0.48269787428005184 0.5722563989803693 -41.308208795380025 0.335673438498965
5.0 41 70 0.4805875430580764 0.569976160420841 -41.16446485202584 0.11985572760602281
5.0 42 71 0.46110639306851103 0.5479972723615248 -41.4641026558352 -0.5647926370763372
5.0 x 72 0.4685761791242926 0.5565484220116337 -41.4641026558352 -2.4820784974411723
5.0 43 73 0.451097043276154 0.5364398447668302 -37.483012240249025 4.349167942439749
5.0 44 74 0.4526722977643299 0.5382533082526472 -37.358041058348135 0.2324417285733844
5.0 45 75 0.4468703175387331 0.531560448602141 -36.85154755198965 0.4345758642296431
5.0 46 76 0.44462575911846014 0.5291305331527661 -36.26455655838095 0.7472177199791048
5.0 47 77 0.4418210669649654 0.5257911666600592 -36.152968933518466 0.23217691755869652
5.0 48 78 0.4422235159176889 0.5261773464597345 -35.96119629936645 0.10040434682558441
5.0 49 79 0.44686334340327927 0.5314460077002738 -37.69111050455073 -2.0803420006883755
5.0 x 80 0.4468784020229743 0.5313261178579566 -37.69111050455073 -2.8928621523686644
5.0 50 81 0.449943866898152 0.5348378850946958 -37.93593097693247 -0.23020662218934973
5.0 51 82 0.44911119730434584 0.5337800798199908 -37.086333349677076 1.0057283252579268
5.0 52 83 0.44960353117984797 0.5341874083658729 -36.933001595910206 0.2938491433422712
5.0 53 84 0.4468064198207477 0.5310670080509576 -36.55501163995687 0.371411281225825
5.0 54 85 0.43793871204698326 0.5208296216503782 -35.646518377731844 1.0746276435314641
5.0 55 86 0.43135490652549197 0.5130515270814149 -34.623015392528046 1.021740053734952
5.0 56 87 0.42841879314206616 0.5096408866510519 -34.217103958170114 0.40813563051671764
5.0 x 88 0.4285069551962519 0.5098379419396009 -34.217103958170114 -0.6654448132018871
5.0 57 89 0.423566874342983 0.5038779074128085 -33.37071950186403 0.7502514390043373
5.0 58 90 0.40951679817941145 0.48741441321442175 -31.82071992165395 1.4367019603228322
5.0 59 91 0.4103267228711207 0.48811831275920553 -31.608560809189367 0.3020798957734101
5.0 60 92 0.41969074519242505 0.498853539101279 -32.823339369638944 -1.1521738797068544
5.0 x 93 0.415315133015723 0.49361014109938856 -32.823339369638944 -0.15695622784734553
5.0 x 94 0.4248321741617159 0.5047643298752592 -32.823339369638944 -6.373725782299431
5.0 61 95 0.40771490066172933 0.484725299947898 -31.648277273840232 1.0260261316510686
5.0 x 96 0.411141493717561 0.48890187012627206 -31.648277273840232 -1.1862535110994408
5.0 62 97 0.400899257669157 0.4767749097780515 -30.16601764811814 1.7874526779002338
5.0 63 98 0.3819678364697589 0.45464001476413046 -27.21633746543006 2.9996082173920406
5.0 x 99 0.39372476364395853 0.4685159032379221 -27.21633746543006 -3.690794147655186
5.0 64 100 0.3944317051689624 0.4692752825368281 -29.516056736563247 -2.228119573343161
5.0 65 101 0.39434676380010414 0.4691342123226572 -29.134086862591356 0.26651982219360093
5.0 66 102 0.39280309221858595 0.4673370914172772 -30.423588449492524 -1.014829537907076
5.0 67 103 0.391918440132476 0.46646383289499166 -29.827933470260927 0.5483953343684078
5.0 68 104 0.39078455249615207 0.46517415690223124 -28.78983282663121 0.6650920393399815
5.0 69 105 0.3849720896008882 0.45833158638225274 -27.71825115468123 1.1691516542513867
5.0 70 106 0.3711576637985862 0.44193027708107907 -25.536809060160373 2.258654116791906
5.0 71 107 0.3653075720572399 0.43497866521011314 -24.94722170993785 0.8282036835246629
5.0 72 108 0.35002746506143834 0.41653486616109986 -24.60603012843386 0.6572865608348373
5.0 73 109 0.34956942518384004 0.4159536665153094 -24.401508370186892 0.20973561779449312
5.0 x 110 0.35706265104336105 0.4249978870818316 -24.401508370186892 -0.9964773796725446
5.0 74 111 0.3509938538449557 0.4177321928160644 -23.819581070344732 0.5045367383630399
5.0 x 112 0.35665758775973344 0.4244767671106431 -23.819581070344732 -5.580022590821347
5.0 75 113 0.3476001681889467 0.4135881370442165 -23.516754817016725 0.34129217164300485
5.0 76 114 0.3488207499170238 0.41502886381634163 -21.810135046817983 1.3849024509894576
5.0 x 115 0.3602402107699262 0.4289058673215795 -21.810135046817983 -2.7484800280354804
5.0 x 116 0.3636604630214094 0.43292805544772145 -21.810135046817983 -2.867997716705922
5.0 77 117 0.3408424066812209 0.4054746602739215 -20.656421108932328 1.0506243991881021
5.0 78 118 0.3460263862928163 0.41178097573658845 -21.673380781445058 -1.0864248628681388
5.0 79 119 0.35021772065101187 0.4167958908550931 -22.793045008594582 -1.2110569839413863
5.0 80 120 0.3498341259562918 0.41631088528048305 -22.050271429005562 1.0546486129586867
5.0 x 121 0.3494051032255299 0.41579745643165794 -22.050271429005562 -0.7623604877539663
5.0 x 122 0.35725467306458847 0.42517421760592994 -22.050271429005562 -1.3172415001713738
5.0 81 123 0.34479451817189816 0.4101977193363108 -21.35280551059929 0.7873929806718962
5.0 x 124 0.3494184297605031 0.41560151769813747 -21.35280551059929 -1.0282835749395858
5.0 x 125 0.33674876657229785 0.400341821970025 -21.35280551059929 -3.1255590682385623
5.0 x 126 0.3505877563478691 0.41733288636672156 -21.35280551059929 -1.5661153086296977
5.0 x 127 0.35860918736102926 0.4269291133789263 -21.35280551059929 -3.7869059596495944
5.0 82 128 0.3407048161637562 0.4052641509001921 -20.469087507476328 0.8590805260783831
5.0 83 129 0.33699148327743417 0.40079736046428865 -19.857311938005996 0.647060856769869
5.0 84 130 0.3377739261951539 0.4017433800346786 -19.973014291160034 -0.12680401131228436
5.0 x 131 0.3235722189411495 0.38400847054644643 -19.973014291160034 -2.286110609140156
5.0 85 132 0.333938848042351 0.39710076605271094 -20.51916963382317 -0.32640787309552266
5.0 x 133 0.34188715677473597 0.4068176549522051 -20.51916963382317 -1.2370066386577463
5.0 x 134 0.34897918436101927 0.41541995215998917 -20.51916963382317 -5.588921314431367
5.0 86 135 0.3391545733896326 0.4034100673071287 -20.142029889586134 0.02599693178727236
5.0 87 136 0.3451473853159268 0.4106718091230117 -21.29211970466013 -1.2405705173171526
5.0 x 137 0.35231623539039664 0.41916753412190044 -21.29211970466013 -1.2007947811562758
5.0 x 138 0.3610469067991946 0.4295870514153461 -21.29211970466013 -2.5696601099977414
5.0 88 139 0.3383466319920717 0.4025491007601188 -20.149741643791856 1.1617776768833679
5.0 89 140 0.3277310622396422 0.3897389844104502 -18.219357283892215 1.9958419188563425
5.0 x 141 0.3401375785387741 0.40469361341193105 -18.219357283892215 -2.420483448038162
5.0 90 142 0.31976710341125053 0.379913182787008 -16.681574371270194 1.6209130427482066
5.0 x 143 0.32842066818889526 0.3903813724513205 -16.681574371270194 -2.7700316999778956
5.0 x 144 0.3286806168243412 0.39071456650194064 -16.681574371270194 -2.43361276943811
5.0 91 145 0.3154921947845913 0.3746091513833727 -15.81936244403533 0.9771272728244949
5.0 92 146 0.31330211272028713 0.37174253085987474 -15.636167106878855 0.03863126888388102
5.0 93 147 0.3129628175946823 0.37100502672498914 -15.409732535190681 0.2878189647228666
5.0 x 148 0.3227766951453705 0.38327270865010843 -15.409732535190681 -2.1345444839604006
5.0 94 149 0.31472604209217214 0.3734208386037798 -15.775699018346398 -0.2184924756104749
5.0 x 150 0.3163611033915329 0.37531735797865867 -15.775699018346398 -1.8344384340205053
5.0 95 151 0.30111500790479273 0.35640613022962375 -13.137222246228585 2.7249697001370734
5.0 96 152 0.2977564607489005 0.35253003772241065 -12.622744236122406 0.3223084327587724
5.0 97 153 0.29264164352783745 0.3459981451033324 -11.69227680627401 0.9378253584134306
5.0 98 154 0.29561375204404383 0.349478338991401 -11.934188988166403 -0.10555051378078772
5.0 x 155 0.3095145410757131 0.36696677123195026 -11.934188988166403 -4.209896712533377
5.0 99 156 0.2966289256262227 0.3506465148859186 -12.47051586226126 -0.39594220937201285
5.0 100 157 0.29148190531866564 0.34374506483772505 -11.361759667958685 0.8648565662896779
5.0 x 158 0.2908914673034667 0.3427293532450184 -11.361759667958685 -0.9021558331413981
5.0 101 159 0.28354024028403924 0.33331614168296086 -9.452277307080422 2.1270318400034736
5.0 x 160 0.28171220101305217 0.3306697664154619 -9.452277307080422 -2.695635483018348
5.0 x 161 0.2860190115411039 0.33660271358283206 -9.452277307080422 -1.2298529197795105
5.0 102 162 0.2826718536980374 0.3320427937124391 -9.373595440776285 -0.016114922251574626
5.0 x 163 0.28610842351563276 0.336563544057391 -9.373595440776285 -1.9581881634683054
5.0 103 164 0.2853415839360844 0.33608104052508764 -10.163276128736133 -0.8799556039849925
5.0 x 165 0.2869433863491002 0.3380800838631739 -10.163276128736133 -1.683314551544651
5.0 104 166 0.2849748067395978 0.3361153527335393 -9.749670719607035 0.5749275228222928
5.0 x 167 0.2877562187314533 0.3389291503509759 -9.749670719607035 -1.8393028076220883
5.0 105 168 0.279930969551898 0.32985632859501035 -9.301722256251612 0.27425589231856407
5.0 106 169 0.27158153880752023 0.31868511863782945 -8.455018931402204 0.7706539812850792
5.0 107 170 0.26895125404035414 0.31518021639126936 -6.716750887029207 1.9328485576285424
5.0 x 171 0.2837433264373793 0.33520269811328507 -6.716750887029207 -2.760857376818141
5.0 108 172 0.2654937501855147 0.3105670742242186 -5.6479739011836685 1.177724305042922
5.0 109 173 0.2605928951650445 0.3040554580708671 -5.146052678773318 0.401300631332246
5.0 110 174 0.2587287964363865 0.3008155349392253 -4.768544021280938 0.39288773655165876
5.0 x 175 0.25351311923454617 0.2921538216934913 -4.768544021280938 -1.4435643179084225
5.0 111 176 0.2560471778616579 0.2956672203416644 -4.579921110688443 0.15064707801767252
5.0 x 177 0.24822287088683345 0.2841735709223564 -4.579921110688443 -2.4831613750002086
5.0 x 178 0.24958462558851024 0.2871924802352651 -4.579921110688443 -4.348851757803412
5.0 112 179 0.24866294574993908 0.28208142093172583 -3.6015887167471177 0.9549088360473195
5.0 113 180 0.24306335759311068 0.2730130082802116 -2.1000409777970406 1.5569138026785194
5.0 x 181 0.25033655210950256 0.2855671546914498 -2.1000409777970406 -2.2907712488219047
5.0 x 182 0.24208074002647245 0.2718102368826711 -2.1000409777970406 -7.373591446950564
5.0 114 183 0.23925428421251538 0.2657139860328032 -0.5365605163895777 1.6613046771296542
5.0 115 184 0.24065302242888098 0.26643213494613227 -0.42279842684976643 0.17153648445395198
5.0 116 185 0.2360688469908737 0.2595135698326094 -0.3024445743427243 0.015575997930076135
5.0 x 186 0.23288183737895646 0.2515783116386352 -0.3024445743427243 -2.3054637331057526
5.0 117 187 0.24023697158099663 0.26710976649748286 -1.5382191273972423 -1.2836591327373474
5.0 118 188 0.24222993135496526 0.2703272669525072 -1.613077706340081 -0.05903866160045479
5.0 x 189 0.25374112759820955 0.29015188749540743 -1.613077706340081 -2.72839491914762
5.0 119 190 0.2349670689787336 0.26093559969095037 -1.7592957902116368 -0.2798490902792954
5.0 x 191 0.24126718295909003 0.2703342084093984 -1.7592957902116368 -1.680632546617388
5.0 x 192 0.23594977043314308 0.2620416592063894 -1.7592957902116368 -2.8966569530042894
5.0 x 193 0.22775445215141002 0.2500829570679448 -1.7592957902116368 -1.2181494574935812
5.0 x 194 0.23831203750381402 0.2647723722316424 -1.7592957902116368 -1.2835827866158493
5.0 x 195 0.2311128325103794 0.2520579794357288 -1.7592957902116368 -0.8395384834886674
5.0 120 196 0.2336683715477897 0.25635920686874175 1.6801286558971018 3.8091889752250627
5.0 121 197 0.22695226792081946 0.24419856902820272 0.8340650930941091 -1.1045831004426567
5.0 x 198 0.22420625246927026 0.23934137740578246 0.8340650930941091 -2.434374493652477
5.0 122 199 0.23716397163878675 0.2631068632571299 -2.2579011991696434 -3.2295940010822375
5.0 123 200 0.24424217450831412 0.2715021667812886 -0.6480514027032932 1.994663576437703
5.0 x 201 0.2476101425464413 0.27511127565805454 -0.6480514027032932 -2.1813713481572043
5.0 124 202 0.2418161865073947 0.2667581624938259 -0.2424036572286245 0.3709589429931643
5.0 125 203 0.23971036357619238 0.26496582708783645 0.5242819121804436 0.8742181753197382
5.0 x 204 0.23890620499865176 0.26376758425529606 0.5242819121804436 -1.8318506698826873
5.0 x 205 0.2409055591047783 0.2675862720785848 0.5242819121804436 -0.3733672752169172
5.0 126 206 0.23477398235247815 0.25280173928955857 1.6421467281581237 1.3148474420673013
5.0 x 207 0.24010702352869703 0.26287291876795693 1.6421467281581237 -2.011474670940154
5.0 127 208 0.235380993755201 0.25549963909700246 1.439466504322415 -0.1872507139315922
5.0 x 209 0.23550134258633437 0.25381670587185967 1.439466504322415 -0.5593646682653058
5.0 128 210 0.23380931812682487 0.25212774830923085 0.9129114207940205 -0.3643967572917659
5.0 129 211 0.22780586004715778 0.24036640875415718 2.8280481732833693 1.9184875599361988
5.0 130 212 0.2253092499234979 0.2345058394595548 2.8348489818574296 0.10356900930213886
5.0 131 213 0.22097126082172588 0.2167969023450006 3.2860560054132244 0.5487569048325502
5.0 x 214 0.22124402204697563 0.21777637749771628 3.2860560054132244 -1.8979278757621083
5.0 132 215 0.21921052114990544 0.21228554123787113 5.788991631735218 2.2481965155493753
5.0 133 216 0.22193849097119295 0.2116188994171553 5.14367104235396 -0.7246498384349653
5.0 x 217 0.22444460138591266 0.2200815194882311 5.14367104235396 -0.6907119454073714
5.0 134 218 0.22542120166424442 0.21960305182755221 4.221534186558647 -0.9599185892950048
5.0 135 219 0.22519783873158025 0.21766870644495753 4.266467306964162 0.08338673032548449
5.0 x 220 0.22807474754346835 0.21966694861041144 4.266467306964162 -1.097171328596641
5.0 136 221 0.2241288593383688 0.2129392840654656 4.555008113453529 0.23950873887265267
5.0 137 222 0.2221606342011792 0.20749443703495588 4.3983850027512075 0.09828266164406863
5.0 138 223 0.22535285290287593 0.20859383008572752 3.6994947258854323 -1.138667044930152
5.0 x 224 0.22452078760576266 0.21167033443273414 3.6994947258854323 -1.8891162512309072
5.0 139 225 0.2255327022488577 0.21535672390308414 3.314626983907199 0.04286837778874997
5.0 140 226 0.22270549413126173 0.20670329171660742 3.2585195949975825 0.05286801010080211
5.0 141 227 0.2235863220946673 0.2039697867757988 1.2198103056155236 -1.9327574360610633
5.0 142 228 0.22338551951174682 0.2056340199247684 2.8347492969552044 1.5059603062063933
5.0 143 229 0.2210358016730639 0.20988928078159205 2.8103034515613747 0.05650547631054614
5.0 x 230 0.21887489112241296 0.20529498762536108 2.8103034515613747 -1.987674937485754
5.0 144 231 0.2207646594669422 0.19780030906497525 5.0364466395499194 1.9921591888072752
5.0 x 232 0.2241567006360529 0.19211034306999708 5.0364466395499194 -2.0073645835821425
5.0 x 233 0.22124056239998788 0.20125188548318415 5.0364466395499194 -2.6490458250169935
5.0 145 234 0.21891569662442165 0.19699354467011 5.695828664542563 0.6450586979864976
5.0 146 235 0.21980316632468638 0.19373861659431404 4.667940472759431 -0.9067116846275285
5.0 147 236 0.21952404137917403 0.1973027954652669 3.4167585802962024 -1.1318080729055917
5.0 148 237 0.2229868083096782 0.19363324199807538 3.4249503350525723 -0.11038321158176023
5.0 149 238 0.22217512727163197 0.1946727058166892 4.591873154724242 1.06146118099963
5.0 150 239 0.22051422640525842 0.18236586170932392 4.280987200892287 -0.20357856070662983
5.0 151 240 0.21993351609836037 0.18555332826043863 5.504746021263721 1.0648490819810847
5.0 152 241 0.21976877868567216 0.18609262970050983 5.614136284268662 -0.0989890556036519
5.0 x 242 0.2210896626812887 0.18487384863821354 5.614136284268662 -2.31194040189025
5.0 153 243 0.22318512192382364 0.19468776498044904 4.816540031378839 -0.7405123766556354
5.0 x 244 0.22258783701598472 0.19952796702687078 4.816540031378839 -1.0037777676159516
5.0 154 245 0.22143317917009406 0.19640737762283333 4.768420440977084 -0.21930630230265624
5.0 x 246 0.22118527128001825 0.19882732821210364 4.768420440977084 -1.7295737145685024
5.0 x 247 0.22592099654925338 0.20131731858216995 4.768420440977084 -2.4363965609175775
5.0 155 248 0.2204775183521369 0.19383863227892537 5.424541923840391 0.7617338436196395
5.0 156 249 0.2217005515668344 0.18291190840659005 4.9648347380821365 -0.2538387836928564
5.0 157 250 0.22641882618337753 0.18279975099237603 3.9553010976230554 -1.156530054544659
5.0 x 251 0.22811947313216457 0.18560380547408273 3.9553010976230554 -1.9158005945457441
5.0 158 252 0.22826110253061185 0.17778259571262056 2.329253322567385 -1.3828368324174707
5.0 159 253 0.2257831470304926 0.16995222199054527 4.035581550361828 1.5365179788866277
5.0 x 254 0.22658672292350468 0.16150745828495439 4.035581550361828 -0.7067504097742212
5.0 x 255 0.2301686459675693 0.173645437757085 4.035581550361828 -1.3321534519473497
5.0 x 256 0.2284031480542749 0.16368736589035088 4.035581550361828 -2.3732645308405393
5.0 x 257 0.22289920551662334 0.17268886583111703 4.035581550361828 -2.2596725928121897
5.0 160 258 0.22836207071153836 0.17573570922542966 3.2831841331180103 -0.7439509749506827
5.0 x 259 0.23232974940893725 0.17194466124993676 3.2831841331180103 -1.0291082320363234
5.0 161 260 0.23150235979151676 0.1685709218931611 2.628001867475691 -0.8149835176010378
5.0 x 261 0.23379454222666815 0.1664505205052698 2.628001867475691 -1.3716834481746474
5.0 162 262 0.23244042194084585 0.16246579909747408 2.3912299012950142 -0.23524156608829205
5.0 163 263 0.22680927515667487 0.16283426386804994 3.3567344645194277 1.19754511911519
5.0 164 264 0.22157378782100445 0.16789899105021827 4.646172358589874 0.9421663993768457
5.0 165 265 0.22375973400644403 0.1615187729158968 4.359933138329646 0.03966258629561281
5.0 166 266 0.22694411875920067 0.15944197272329744 2.286748050344992 -2.576239660172916
5.0 167 267 0.22783116855251717 0.16493721169247674 3.44365034983417 1.388976630166833
5.0 168 268 0.2228802379609865 0.16517504948312536 4.76654633035937 1.3685719812352741
5.0 169 269 0.2207744785900139 0.1695387830943119 5.057593646255702 0.5652943987631325
5.0 170 270 0.2203370470477743 0.1655232101346444 5.508744213148436 0.2115373366277904
5.0 171 271 0.2178249206924362 0.17093932232324874 6.259604678502543 0.8267335101166173
5.0 172 272 0.21671621531576812 0.17168516570244663 6.2466601633749566 -0.14149875142383284
5.0 x 273 0.22018783585655036 0.1683828092518941 6.2466601633749566 -0.5135179122015616
5.0 x 274 0.21542063684732143 0.17638152856065747 6.2466601633749566 -1.7013975704989965
5.0 x 275 0.21736575451812418 0.17006341938137212 6.2466601633749566 -4.1400343492366325
5.0 x 276 0.22162268131626045 0.16781903851501495 6.2466601633749566 -1.7456721419769732
5.0 x 277 0.22046410476895448 0.1703051232928055 6.2466601633749566 -1.708589801737519
5.0 x 278 0.21676070185134838 0.1705802754924093 6.2466601633749566 -2.6923345141537647
5.0 173 279 0.21736407507854197 0.17386234195005984 6.1089286672299705 -0.14313850523944804
5.0 174 280 0.21982624549789062 0.1785961813657378 5.71259403530196 -0.25652481286968243
5.0 x 281 0.2207851569918553 0.1768986723050028 5.71259403530196 -0.6402355204477264
5.0 x 282 0.22077055762771325 0.18191904811705265 5.71259403530196 -0.6697686956400899
5.0 x 283 0.22484636876293282 0.17022653441916577 5.71259403530196 -3.818698929791009
5.0 175 284 0.22165331501990201 0.1821027397909401 5.209367645885652 -0.5098066437992754
5.0 x 285 0.22165946403228023 0.18560322878644211 5.209367645885652 -3.3212559713260443
5.0 176 286 0.22101857986634058 0.1850917944053034 5.281399141859941 0.12693388631405877
5.0 x 287 0.21957207295997416 0.18559818134720493 5.281399141859941 -0.7972620237056693
5.0 177 288 0.21936965369721023 0.17882141973198087 5.453974534293749 0.2576587983829359
5.0 178 289 0.2171526761740677 0.1846845351905842 5.654879295186073 0.2827711500061225
5.0 179 290 0.21498078772978904 0.18254470989672478 7.047237948211749 1.1780529140767317
5.0 180 291 0.21420036189735706 0.18495788476963712 7.180088061587374 0.22234715336799127
5.0 181 292 0.21422171586720218 0.18418455835411746 6.893393048879034 -0.20326602976105068
5.0 182 293 0.21508857262717454 0.18555383628195152 6.836282656328928 -0.3387715339451045
5.0 x 294 0.21824403858189395 0.19796111432229488 6.836282656328928 -0.6107211117849518
5.0 183 295 0.21528242782416754 0.17718791704783401 6.803573255158153 -0.03405978465005166
5.0 184 296 0.21344649504022176 0.17683386657960232 7.181299457033269 0.6389714192811722
5.0 185 297 0.21485575839352533 0.17136814626266525 5.752768455303439 -1.3022069693390748
5.0 x 298 0.2155085239179006 0.16656486916868196 5.752768455303439 -1.7705298660746123
5.0 x 299 0.2182538900204886 0.1663803167289503 5.752768455303439 -3.7528022708012485
5.0 x 300 0.2117279627574624 0.17056589854151122 5.752768455303439 -0.8244842932068055
5.0 186 301 0.2142418435957853 0.16659238775086566 6.717347744539002 0.48044201295615796
5.0 187 302 0.2130433754343542 0.16438522794358415 7.354499064181591 0.7090527482145585
5.0 188 303 0.2083054704100964 0.17280629354321922 7.608313451501104 0.11512251928458017
5.0 189 304 0.20637429321959166 0.1688488399373918 8.299422434624212 0.7369947148637834
5.0 190 305 0.2058559609883694 0.1685618342377929 8.325913345809905 0.010429365857728357
5.0 x 306 0.20909536887666916 0.16137482400533076 8.325913345809905 -2.7678987150915537
5.0 x 307 0.20587742504845863 0.16721572127826084 8.325913345809905 -1.7028285186392447
5.0 191 308 0.205215414461158 0.17605636030350463 9.819228333059662 1.8159766549672547
5.0 192 309 0.20334249328730836 0.17631979336095147 10.234654055303796 0.5261398942684075
5.0 193 310 0.20160498191716544 0.17478538014585077 9.506862239273019 -0.5155830584113055
5.0 194 311 0.20218762079392547 0.17949529562302097 10.098587576977158 0.49469649903932655
5.0 x 312 0.20075981964927297 0.18470093724845876 10.098587576977158 -1.1460218201616303
5.0 195 313 0.2036254811247212 0.1816875270245454 9.60255566055255 -0.4969748791216393
5.0 196 314 0.20247136978798994 0.18278137677474837 10.552699704467006 0.6829422291085905
5.0 197 315 0.20052182461901893 0.18717526566194256 10.683891309947088 0.02784064321754265
5.0 198 316 0.20064211694927178 0.1849183373788235 10.948180422711816 0.32679310112846593
5.0 x 317 0.20199455611546618 0.18844560389545695 10.948180422711816 -3.3837365072590107
5.0 x 318 0.2032336625161762 0.1947953502651718 10.948180422711816 -0.7905532786258842
5.0 199 319 0.20125609200486466 0.17944329467536274 10.940346126800161 0.16365268036075697
5.0 x 320 0.20361481242183935 0.18175070928128412 10.940346126800161 -1.5874789425502769
5.0 200 321 0.2005530403026746 0.1845562632722506 11.18853356124271 0.1885578706348241
5.0 x 322 0.20271528515224418 0.19032005985641082 11.18853356124271 -0.958640817099365
5.0 x 323 0.20228213285350505 0.1890610467326703 11.18853356124271 -0.550041854926894
5.0 201 324 0.19980461027953017 0.18298054532541377 11.400913434120453 0.252285538970769
5.0 202 325 0.1969278774746402 0.1826554041323463 11.472985463631096 -0.17063103476019847
5.0 203 326 0.19439851316540094 0.1846861573928439 12.881032280718847 1.567169251724927
5.0 x 327 0.19610038141558847 0.18262231857133138 12.881032280718847 -0.6947562052997025
5.0 204 328 0.19410227852082923 0.18048549739431027 12.659861339501834 -0.29464715501666383
5.0 x 329 0.1946648979451544 0.184019929726297 12.659861339501834 -0.34038947267379527
5.0 x 330 0.19598953384286327 0.17887909181618825 12.659861339501834 -2.303540549346339
5.0 205 331 0.19425652752552783 0.185083938329085 12.68004182775201 0.03177164839131308
5.0 206 332 0.19261303180662417 0.17643069371279932 13.48806594882107 0.9128028084649884
5.0 x 333 0.19293428409303817 0.17292652874978665 13.48806594882107 -4.792765722047715
5.0 207 334 0.1936169076233983 0.17474380490917846 12.736229975044008 -0.486608876899318
5.0 x 335 0.19390997930285098 0.17020606757935697 12.736229975044008 -1.6138955802581236
5.0 x 336 0.1940143588265911 0.17089189460589996 12.736229975044008 -0.5586639700133365
5.0 208 337 0.19362676403986087 0.16803209805201552 12.680968716706104 -0.040632638730681236
5.0 209 338 0.19445346213817682 0.1753173535419272 12.856559443814826 0.07771986183998258
5.0 210 339 0.19297951716650064 0.18085142139226307 13.478349583713083 0.5497607331978198
5.0 211 340 0.1942912057899507 0.18486260024984155 12.895353902174051 -0.500851833389234
5.0 212 341 0.19021390598887758 0.1797367033876119 13.157722761995293 0.46576701370616824
5.0 213 342 0.1887479815305466 0.18628835584973025 11.493987593381178 -1.4843353353919522
5.0 x 343 0.19119153073546896 0.1878241011916875 11.493987593381178 -7.851712457812685
5.0 214 344 0.19085936233166245 0.18317710798556924 11.993262184072773 0.4028289241133969
5.0 215 345 0.18886120293525607 0.1728740806650032 14.070797574853893 1.9487033476949502
5.0 216 346 0.1874893948673936 0.17171521092686517 15.1933395217796 0.9481909865644909
5.0 217 347 0.18721771637500803 0.17345703974343205 15.013434423657273 -0.06203366182725212
5.0 218 348 0.18619680541285274 0.16976098941550735 15.472959778908637 0.24311666242880925
5.0 219 349 0.1859336243414615 0.17538685825442332 15.69820411616691 0.3310925040246371
5.0 x 350 0.18693047756816963 0.16702917527250663 15.69820411616691 -1.4791905242793373
5.0 220 351 0.1839652388197278 0.1722768831177411 15.166847386211217 -0.8136399850147846
5.0 221 352 0.18286309019518635 0.17260767956225878 15.382996621895819 0.2049581731820691
5.0 222 353 0.1842417069730631 0.1779651939843688 14.93448719680192 -0.4686723741459353
5.0 223 354 0.18427833550665518 0.17333866579766463 14.860913969715961 -0.08786811266286065
5.0 224 355 0.18667387841809444 0.1699162551352159 15.463274663394392 0.9067469724133197
5.0 225 356 0.18579280885037858 0.17077001691046828 14.569286394928843 -0.6106830837826465
5.0 226 357 0.18547126227607036 0.17402975687240113 11.18837983208871 -3.14066238671977
5.0 x 358 0.18812836538192904 0.18572036903755204 11.18837983208871 -9.248946670849291
5.0 x 359 0.1882656876553174 0.17446721062870985 11.18837983208871 -6.9086917283758185
5.0 227 360 0.1885795176424005 0.16827441307817867 11.286737871904668 0.008133669939498489
5.0 x 361 0.18676547978679334 0.1657763294609859 11.286737871904668 -2.7028411527316045
5.0 228 362 0.18980568005514578 0.17214077776810588 14.40761807107856 2.715612371532595
5.0 229 363 0.19203395045909905 0.17125732691432963 13.769884247750133 -0.7518824292667592
5.0 x 364 0.1951280046784644 0.17437655929042564 13.769884247750133 -3.0425533758188994
5.0 x 365 0.19389729521879084 0.16536426687096967 13.769884247750133 -1.232416841434537
5.0 x 366 0.1931708094511481 0.1819798714872202 13.769884247750133 -3.4585200535531655
5.0 230 367 0.19206231965334136 0.17002366494141308 13.761385487016891 -0.021870452189711287
5.0 x 368 0.1928718468322048 0.17244214631622734 13.761385487016891 -0.583322048724483
5.0 x 369 0.19215153839828952 0.16817925500767314 13.761385487016891 -0.5348947688859553
5.0 x 370 0.1938617238796408 0.16609066022942492 13.761385487016891 -1.9634407449702582
5.0 x 371 0.19099951705471932 0.1736645872977254 13.761385487016891 -1.5542577079554842
5.0 231 372 0.19029091472319115 0.1697864299395692 13.40425132620067 -0.07616632749023289
5.0 232 373 0.1898655248301008 0.16584702298347048 13.445741486332508 0.05637387827729334
5.0 233 374 0.189081406752499 0.17477593878395503 13.378279675713895 -0.03056168671126258
5.0 234 375 0.189408451855461 0.1676313756036452 14.593420801038567 0.9395196195303601
5.0 235 376 0.18770830964845064 0.16231090654208427 14.246232035447306 -0.10187784873381212
5.0 236 377 0.18764828865979852 0.17523601734006025 14.618844072593646 -0.04841204143905742
5.0 237 378 0.1895011251666902 0.1690885223589627 14.427736400721557 -0.10304808082572947
5.0 238 379 0.18923995230299803 0.1708837008289781 14.276110575105264 -0.2013556452498264
5.0 239 380 0.1887705088508413 0.16679095831811724 14.37492696172813 0.4298525495408061
5.0 x 381 0.1901533316647983 0.16709396170594792 14.37492696172813 -0.5135943470497448
5.0 240 382 0.18802873963643052 0.16379514962461175 14.57148982935713 0.2154236592673886
5.0 241 383 0.18871882097993237 0.16086914338210878 14.705851448289888 0.032797482166451175
5.0 x 384 0.1910592593320181 0.15988887760592113 14.705851448289888 -0.7755491793276832
5.0 x 385 0.18712993912872514 0.1680359828055183 14.705851448289888 -0.5875639517597779
5.0 242 386 0.18689483025903422 0.16478949348829777 14.992866307101746 0.05110870114242516
5.0 x 387 0.18834875089056569 0.1630536445079411 14.992866307101746 -1.0492877114120063
5.0 x 388 0.18698926079109704 0.15998302473937198 14.992866307101746 -0.507849262059441
5.0 243 389 0.19033994090795117 0.1699648295152249 14.304263813102343 -0.55486095319071
5.0 x 390 0.19257139303005763 0.17125172985827145 14.304263813102343 -0.8314271391560606
5.0 244 391 0.19152939875261032 0.16697199021943446 13.906464267995934 -0.3696552312003334
5.0 245 392 0.19167179127702805 0.17003455691586442 13.871641013787917 -0.11175426387439202
5.0 x 393 0.19293759329523238 0.1633870117812228 13.871641013787917 -0.3475704335967986
5.0 246 394 0.19204312487090952 0.16734112573752005 13.081480383849652 -0.980092540565062
5.0 x 395 0.1929242376972407 0.17031681902491952 13.081480383849652 -0.7477884542926567
5.0 247 396 0.19364029966509433 0.17484751867033724 13.263695656163119 0.42653804146240404
5.0 x 397 0.19616873525339065 0.17988369881213856 13.263695656163119 -0.9384390293112244
5.0 248 398 0.19218325423137964 0.17308764716789746 13.611617845840078 0.23532787290308654
