9.0 x 0 0.5377838964067219 0.6349254079475675 -55.58794855074645 -20.37688981010978
9.0 x 0 0.5377838964067219 0.6349254079475675 -55.58794855074645 -20.37688981010978
9.0 x 1 0.5521417532299063 0.6505864202488267 -55.58794855074645 -2.2769982629283803
9.0 1 2 0.545576865539843 0.643470025726956 -52.01379536557211 3.523353439928826
9.0 2 3 0.5442799275925793 0.6420516986619207 -39.45084462095019 12.241938018628744
9.0 x 4 0.5426115777782429 0.6399770824712562 -39.45084462095019 -24.218676009885087
9.0 3 5 0.5397759950423943 0.6368417633031559 -38.34378487320292 1.0988573366659011
9.0 4 6 0.536791214139134 0.6337186858950647 -34.57745425586892 3.63879682742251
9.0 5 7 0.5268041479198621 0.6224254270817876 -31.370807850513952 3.1155685284847685
9.0 6 8 0.5270623590829975 0.6226276300915544 -28.867285395392173 2.3384245306025626
9.0 7 9 0.5210762084100347 0.6161821293553902 -25.682994148234755 2.824500899664372
9.0 x 10 0.5206150794559277 0.6156599535572811 -25.682994148234755 -0.15330732343640818
9.0 x 11 0.5277184798064048 0.6236270998887137 -25.682994148234755 -3.3658305360259213
9.0 8 12 0.5123996914007763 0.6063113699179745 -25.486031132929934 0.3145990517897097
9.0 9 13 0.516734418849772 0.6110566171280398 -26.394838212554323 -0.8181047295816555
9.0 10 14 0.5232118655075658 0.6178406759212104 -26.471963048841292 -0.1571525599523511
9.0 x 15 0.5328375046495686 0.6285918065219488 -26.471963048841292 -3.733727159916505
9.0 11 16 0.520801489151998 0.6152894799773139 -27.140535734872238 -0.5468490206031298
9.0 x 17 0.5098519767898022 0.6031730841137399 -27.140535734872238 -0.9439727313809563
9.0 x 18 0.520076292885097 0.6144401890352039 -27.140535734872238 -1.4976003237024997
9.0 12 19 0.5179740449706808 0.6119431777055017 -25.666924187326547 0.8070319520515703
9.0 x 20 0.5088002441625035 0.6017236557434793 -25.666924187326547 -0.25250270471440217
9.0 13 21 0.5140159115748003 0.6074328219364844 -26.608122587640935 -1.1656739183555693
9.0 14 22 0.5147109979998469 0.6080203463352496 -26.61326187276264 -0.004729352611359872
9.0 15 23 0.5172502701551207 0.6106366095950548 -25.716792236857813 1.0964394524691592
9.0 16 24 0.5173267900377917 0.6105918039606949 -26.22613008612997 0.10846940937641847
9.0 x 25 0.5163412736757127 0.6098509807278807 -26.22613008612997 -1.29599301325009
9.0 17 26 0.5166076778674571 0.6099467888748873 -25.269902714183825 0.7637854407135585
9.0 18 27 0.5116981813316441 0.6047050964513756 -25.234243074217673 0.1453868144656134
9.0 19 28 0.51930695701649 0.6130190297437448 -26.245717852609378 -0.9378816864851665
9.0 x 29 0.5168207209831208 0.6103572914274487 -26.245717852609378 -3.805406315166195
9.0 20 30 0.5258338137197177 0.6201464527151673 -25.703399106020917 0.21367178268588916
9.0 x 31 0.5201653222882441 0.6136728241719291 -25.703399106020917 -1.2305175440947451
9.0 21 32 0.5294452617520851 0.6240590090506428 -26.2811198206236 -0.41746990734997524
9.0 x 33 0.5356872356809596 0.6310455122664462 -26.2811198206236 -2.0953173696992202
9.0 x 34 0.5340004200066156 0.6290899119782375 -26.2811198206236 -0.6871630519289589
9.0 22 35 0.533809559448373 0.6287101101927799 -26.394300609966223 -0.4846608686044718
9.0 x 36 0.5391152042393702 0.6343342940880833 -26.394300609966223 -1.9861081365517173
9.0 23 37 0.5340780630374462 0.6286729230873299 -26.33846152956058 0.3392107795613164
9.0 24 38 0.5342732996651068 0.6289569693853433 -26.338099611604335 -0.004801375151448184
9.0 x 39 0.5346962198632633 0.6293911972619172 -26.338099611604335 -0.0734852434845834
9.0 25 40 0.5336672767500947 0.6282466024935919 -26.23398159008767 -0.08733634510734944
9.0 26 41 0.5378200792372648 0.6329097248441592 -27.00299735992111 -0.45959996428617345
9.0 27 42 0.5341920868688667 0.6285218261650284 -26.245673531881764 0.46558091862867457
9.0 x 43 0.5335585123891132 0.6276601043331894 -26.245673531881764 -0.9422913049143133
9.0 x 44 0.5402244833326365 0.6351903095961596 -26.245673531881764 -2.2093451078039195
9.0 x 45 0.5377498767543472 0.6322997981213624 -26.245673531881764 -0.8440585975768577
9.0 x 46 0.541140075145486 0.6362918085443875 -26.245673531881764 -0.5361266159408444
9.0 x 47 0.5341893088564259 0.628570412437489 -26.245673531881764 -0.9472569439804595
9.0 28 48 0.5294476001024944 0.6230197527696436 -26.13132757416647 0.34431851858189333
9.0 29 49 0.5296000319590746 0.6233280284577347 -26.531045735208707 -0.8342131546034679
9.0 30 50 0.5297193895515513 0.6230157371496362 -26.239294121858958 0.36800333155724374
9.0 31 51 0.5379919448183019 0.6323481864683046 -26.456723317495456 -0.058131081061610246
9.0 x 52 0.5420742258804558 0.636937557233734 -26.456723317495456 -1.318364359429502
9.0 32 53 0.5319634737128085 0.6255654211883825 -26.151898200285267 0.4121288818282842
9.0 x 54 0.5357687705556786 0.6298225590808669 -26.151898200285267 -0.5232636670526318
9.0 33 55 0.5312633741188572 0.6244142986910481 -26.832228393265513 -0.47877273202641035
9.0 34 56 0.5280927431748043 0.6212460516681514 -26.21704699298614 0.5417530070550391
9.0 35 57 0.5209425860299726 0.6135987908279051 -25.712707587122853 0.12019645253183953
9.0 36 58 0.5173421315332729 0.6095377593484804 -25.446016712776082 0.29583492528467303
9.0 37 59 0.5107398830943173 0.6022235855827884 -26.60903253439149 -1.46979742548071
9.0 38 60 0.5093678457250769 0.6008063559818997 -25.10361846094601 1.7784635421638058
9.0 39 61 0.5064115716011279 0.5971899901312689 -25.485397730544037 -0.500893563804425
9.0 x 62 0.5129491103863443 0.6048158699386035 -25.485397730544037 -2.7861875180351063
9.0 40 63 0.5087632970257022 0.6000724592309371 -24.78212882274819 0.9188652611020132
9.0 41 64 0.5100928237712998 0.6016279290183913 -25.286303859262244 -0.6366358190440415
9.0 42 65 0.5096865162068149 0.6010593908159964 -24.792583127555226 0.6429618399309938
9.0 43 66 0.4981313939652401 0.5880554651133674 -24.681016827489284 -0.033462868420979675
9.0 44 67 0.5066041111514978 0.5977115370377436 -25.440559097504078 -0.14837043829381358
9.0 45 68 0.5026058600003204 0.5933975266727195 -26.15663906192446 -0.5799084566961596
9.0 46 69 0.4980356761896785 0.5884849144166324 -24.395252962919795 1.5700677115350423
9.0 47 70 0.49578528551266454 0.5861710925086352 -24.103686848864193 0.2682886580947077
9.0 48 71 0.4765070899783836 0.564797709336072 -22.61085535667419 1.2275276270073654
9.0 49 72 0.48368103354325553 0.5729041544468879 -23.45246047622941 -0.9787638416115563
9.0 50 73 0.4738369920425599 0.5617369083609397 -22.293229350919834 1.5269758308365518
9.0 51 74 0.4747264339869959 0.5627265858926861 -22.608311893978104 -0.20698315927868904
9.0 52 75 0.4686732461317015 0.5558949398056059 -21.94849557835703 0.5872821495852101
9.0 53 76 0.465814263393942 0.5528808424926562 -22.195137360007905 -0.08564216880840902
9.0 x 77 0.4634139598704537 0.5499521384283356 -22.195137360007905 -0.39698545523796014
9.0 54 78 0.4659142960046861 0.5528818808866413 -21.873779975654056 0.22981514370033196
9.0 55 79 0.47080493024791253 0.558259524556388 -22.30173824554878 -0.7790571204409744
9.0 x 80 0.4703490664577321 0.557627887157259 -22.30173824554878 -1.3860235241179701
9.0 x 81 0.47391664028261876 0.5615382438364374 -22.30173824554878 -0.14512878713873434
9.0 56 82 0.4698009851559048 0.5570122026528188 -21.98473512997743 0.4726372112624695
9.0 57 83 0.47037068703457735 0.5574389259970026 -22.103690416330828 0.021979104275168027
9.0 58 84 0.4678268179854421 0.5546459572930057 -21.906340161298566 0.19038570975923363
9.0 59 85 0.45916098072070755 0.5447795990833127 -21.651944704757902 0.42007846667871007
9.0 60 86 0.45273752179578625 0.5372604342549383 -21.072286262595437 0.5788969041232086
9.0 61 87 0.45006811788321777 0.5341907463372962 -20.884221066233426 0.19066079156151972
9.0 x 88 0.4506087956454247 0.5348752563467889 -20.884221066233426 -0.6148690094164238
9.0 62 89 0.4453415499385516 0.528613406112958 -20.258543131348027 0.5300814077406635
9.0 63 90 0.43194414208973186 0.5131428949829737 -19.242472654290182 0.9032242980977543
9.0 64 91 0.4327595108397058 0.5137545451447725 -19.249721285398 0.08228180299721188
9.0 65 92 0.4424157944877169 0.5245939026603024 -20.079431654809127 -0.7671185749252878
9.0 66 93 0.43773701884481053 0.5190342266358575 -20.775139916429605 -0.4353892746391672
9.0 x 94 0.44277497083113104 0.5247738659588007 -20.775139916429605 -8.472889090195551
9.0 67 95 0.4259728534443677 0.5052883444206545 -18.908855303322817 1.7172160012848927
9.0 x 96 0.4295111346092961 0.5095868426670331 -18.908855303322817 -0.2214516344001396
9.0 68 97 0.4194142425902178 0.4977222699918234 -19.868471185332965 -0.6545649530433906
9.0 69 98 0.40030367776066367 0.47575076045590575 -17.975103619644134 1.9428513446844953
9.0 x 99 0.4117325033252473 0.4890046245316346 -17.975103619644134 -4.618074405197053
9.0 70 100 0.4123485420374447 0.4896813907553002 -20.147315306402177 -2.1004611082800544
9.0 71 101 0.4121481721802691 0.48936307795904493 -19.03332169388682 0.9976129901271662
9.0 x 102 0.4104441861751499 0.48740806948057375 -19.03332169388682 -2.584062742518377
9.0 72 103 0.41189650651712945 0.4892451087321676 -18.693207950206716 0.29450454868280573
9.0 73 104 0.41069561854955633 0.4879342181137821 -17.5314842814256 0.7873600282138504
9.0 74 105 0.4044843931429078 0.48073614487230737 -17.01874584343224 0.6107627302775533
9.0 75 106 0.39080742668305973 0.4647414399381209 -15.883169107307545 1.2137363806171102
9.0 76 107 0.38484456679646295 0.457791130159932 -15.908145679101336 0.21456827666177425
9.0 77 108 0.3694005048159817 0.4394406389656363 -16.273468565406535 -0.048873159731334326
9.0 78 109 0.3684008233130041 0.4382865167375362 -16.064810111726615 0.2130310476232573
9.0 79 110 0.37624679775111675 0.4476194105262855 -16.525999034490244 -0.518696602242624
9.0 80 111 0.3774729079014153 0.44909314890593005 -16.06218222965632 0.386105224296557
9.0 x 112 0.3831506979414207 0.4556675368556323 -16.06218222965632 -3.386699492929779
9.0 81 113 0.37335238281019284 0.4441402543141727 -15.866552698598253 0.2340796609072111
9.0 82 114 0.37434289257683373 0.4451612073877291 -14.510324362599508 1.0348445625081144
9.0 x 115 0.38612589545445175 0.4591887266585391 -14.510324362599508 -1.419392332669421
9.0 x 116 0.3885540558751114 0.46200991542801867 -14.510324362599508 -1.538749612383178
9.0 83 117 0.36665605959196523 0.43619917563191807 -13.797472535038983 0.6105195304212412
9.0 84 118 0.37188416331753116 0.4423773089207672 -14.307318827722693 -0.5794728054413962
9.0 x 119 0.3764877426887558 0.4477239759132701 -14.307318827722693 -0.6570882453014608
9.0 85 120 0.3717007426392412 0.442146916254697 -14.60241733920021 0.01745747266224562
9.0 x 121 0.3717989436471927 0.44221397177215926 -14.60241733920021 -0.9560064492449225
9.0 86 122 0.3792149413515097 0.4509337542002244 -15.30922535834223 -0.7426925942573384
9.0 87 123 0.3740946404202855 0.44477269947612713 -15.119167188320976 0.2791594620734603
9.0 88 124 0.37922476267913197 0.45061152394651405 -15.888865852201882 -0.7392331271890917
9.0 x 125 0.37139968880230945 0.4412212299034456 -15.888865852201882 -3.9078768060816493
9.0 89 126 0.3849808450652477 0.4575004920274627 -15.378566159511605 0.1657819558156266
9.0 x 127 0.398858241979809 0.47380599213420055 -15.378566159511605 -1.453882423676875
9.0 90 128 0.3806764477290457 0.45264945564060716 -15.01521503690036 0.34016269588945036
9.0 91 129 0.3769107265396149 0.4481347802993067 -14.677341211148741 0.3722506725278727
9.0 x 130 0.37762484412563907 0.44891333816360357 -14.677341211148741 -0.07684433198654617
9.0 92 131 0.3620131465435557 0.43045200742466994 -15.40590780240525 -0.15577883467938136
9.0 x 132 0.3578995726509996 0.4256826584040578 -15.40590780240525 -1.9914627215406764
9.0 x 133 0.37044771463586973 0.44064659363157116 -15.40590780240525 -0.5855476946113303
9.0 x 134 0.37749790929407434 0.4487851734754172 -15.40590780240525 -3.9342538216642193
9.0 93 135 0.36763498604869144 0.43696739101401894 -14.024396467597875 1.0296439877690329
9.0 94 136 0.3741348519425553 0.4445366468023757 -14.490802198768575 -0.5573619138923345
9.0 x 137 0.38098809304022635 0.45241275916882234 -14.490802198768575 -0.6484987587633615
9.0 95 138 0.3903153662800888 0.4632733221098794 -16.086748485681966 -1.6062624204722002
9.0 96 139 0.38322921607773786 0.4549041113610552 -15.444102180399959 0.6604921378445354
9.0 97 140 0.3724485345207432 0.44233287556375334 -14.550831067187383 0.9585199927531658
9.0 x 141 0.38510180043386333 0.4571056514523527 -14.550831067187383 -1.0991958801113242
9.0 98 142 0.36469068192671633 0.43315153744314355 -13.986570108031323 0.6466987203540757
9.0 99 143 0.37381880127649353 0.4439084507465721 -14.402281111366896 -0.6721202853499548
9.0 100 144 0.38335021450056583 0.4550691765640577 -15.40921766548388 -1.206136714801346
9.0 101 145 0.37842566677198664 0.4494259973214661 -14.835720796878825 0.6888241590449269
9.0 102 146 0.3764486308459905 0.44725660016179464 -14.961057119810379 -0.2679159429947209
9.0 103 147 0.3760045831294441 0.44688662037851323 -14.770131475667325 0.25236495397617986
9.0 x 148 0.38591055374981525 0.4585664876965122 -14.770131475667325 -1.1740640446299615
9.0 104 149 0.3786979929887195 0.44999324878198793 -14.832086816674225 0.08517946328756665
9.0 105 150 0.37936832802688464 0.45078953003834826 -15.471222260926986 -0.4055078709365123
9.0 106 151 0.36433522046178346 0.4330963181849094 -14.1624173155527 1.3977775322665185
9.0 107 152 0.3609416217065842 0.4289797482597299 -13.259436580073698 0.7107598881069173
9.0 108 153 0.3550103874363096 0.42186905793732293 -12.696949860014122 0.5692576602675192
9.0 109 154 0.35769150109904474 0.425130959602026 -13.225745576703686 -0.39264890814156495
9.0 x 155 0.3727180131269879 0.4428805436886706 -13.225745576703686 -3.183574511919522
9.0 x 156 0.3579671702499037 0.42546873962384035 -13.225745576703686 -0.5339023691673539
9.0 110 157 0.35310844277851666 0.4196114815987371 -12.584827055484332 0.3964748985255735
9.0 111 158 0.3509131146763573 0.4171097449377351 -12.804277637325775 -0.36745045671391097
9.0 112 159 0.34226192773688713 0.4066290437858864 -11.558440433094312 1.462206544903239
9.0 x 160 0.34019430908378956 0.4042264298701353 -11.558440433094312 -2.3790685467636035
9.0 113 161 0.3449603019634782 0.4099334625837751 -11.873932028515288 -0.1091082645442647
9.0 114 162 0.34450248529052524 0.40938892651461367 -11.703253268090982 0.07511255014000895
9.0 x 163 0.3486172110780368 0.4143836238964775 -11.703253268090982 -0.8497260430782116
9.0 115 164 0.34773769315486075 0.4133192489240762 -12.021710545871088 -0.4091515504186418
9.0 x 165 0.3484748729726667 0.41427208769420165 -12.021710545871088 -0.6480388179971985
9.0 116 166 0.34793217551793687 0.4136623184345816 -12.145047256252736 0.03889918489267963
9.0 x 167 0.35032576020964046 0.416557112483172 -12.145047256252736 -0.5856384835918771
9.0 117 168 0.3423707193168178 0.40699163964111246 -11.559137379995967 0.4116314278130968
9.0 118 169 0.3325427773722875 0.39506860167440816 -10.907700918932258 0.575780436521951
9.0 119 170 0.3298829320979551 0.3918627715282186 -10.279855008121697 0.8226389324380019
9.0 x 171 0.34675604906839835 0.41213100477784304 -10.279855008121697 -1.657388522762803
9.0 120 172 0.32586183056236134 0.38705106272073103 -9.866409032027434 0.5217071606150618
9.0 121 173 0.32071639322959433 0.38073801746146274 -9.405203513550529 0.36102382700748237
9.0 122 174 0.3175311047070765 0.37655659083624815 -9.097255659214634 0.32196419285824085
9.0 123 175 0.31035336462644736 0.36703626765096015 -9.308063113932421 -0.43683539430779916
9.0 124 176 0.30630631160505656 0.3612917178213811 -9.250881145687385 0.017706989892435132
9.0 x 177 0.29595829944067475 0.3478999678340414 -9.250881145687385 -1.9748725835573229
9.0 x 178 0.2996660005710567 0.3530992886740295 -9.250881145687385 -3.2665865416806596
9.0 125 179 0.29592625112190984 0.34650619695553864 -8.751651191633362 0.4765342039740119
9.0 126 180 0.2894142470459338 0.33736545914051813 -7.902035307530797 0.9060325349484692
9.0 x 181 0.298264443728452 0.3497327007638043 -7.902035307530797 -1.4030783241622213
9.0 x 182 0.2886413034214385 0.33659740870685667 -7.902035307530797 -5.01844714388128
9.0 127 183 0.28358477184112335 0.3288582382471203 -6.810978516467277 1.188580710878985
9.0 128 184 0.2841835566671964 0.3290640164775058 -6.535265897200576 0.3344527139112925
9.0 129 185 0.2783101690711227 0.3209068523386027 -6.700453581021619 -0.2708904722141172
9.0 x 186 0.2731106771653104 0.312485062461839 -6.700453581021619 -1.7199338264256978
9.0 130 187 0.28357140112740314 0.3284678396833288 -7.448446418699301 -0.7951580354954508
9.0 131 188 0.2864990729242317 0.33237665511965736 -7.444184522848967 0.01951748297580025
9.0 132 189 0.3012558806333701 0.3535269790991893 -8.96864272596571 -1.6014242131468768
9.0 x 190 0.2938337194742605 0.3444954907726704 -8.96864272596571 -0.5879269803990681
9.0 x 191 0.30896127742570806 0.3635346976043878 -8.96864272596571 -0.9353366955671678
9.0 x 192 0.30225010357965293 0.3546014249585798 -8.96864272596571 -1.6189051614298844
9.0 133 193 0.2922140361462963 0.34170696200160616 -9.502662736255324 -0.6886659350689097
9.0 x 194 0.2963812902948689 0.3463658279051563 -9.502662736255324 -0.7870542636765521
9.0 134 195 0.285080092682417 0.33121248807544357 -9.988176950174575 -0.5795373138861972
9.0 135 196 0.281777392854152 0.3258347778536061 -6.8021002135885515 3.556753614950572
9.0 x 197 0.2721384314055355 0.3115609028120491 -6.8021002135885515 -1.710608708464588
9.0 x 198 0.27736559282964746 0.31983711565897527 -6.8021002135885515 -1.4147120001702485
9.0 x 199 0.2970408691353583 0.3473830892591326 -6.8021002135885515 -2.0316981358187016
9.0 136 200 0.289282003445623 0.3350490224974068 -5.943772770482633 1.243181860493249
9.0 137 201 0.29240762741100557 0.338363661435224 -6.890364348628172 -1.1952616604541877
9.0 138 202 0.2883538621258762 0.33228441342179754 -6.742632514023314 0.11376248650612819
9.0 139 203 0.2862623670246208 0.3299145572772134 -6.086507327842526 0.7649485342138016
9.0 140 204 0.2854442797776137 0.3284258237263993 -7.752131238422787 -1.9839985179211181
9.0 141 205 0.28721299173942555 0.3311404002222968 -8.105799021824641 -0.39171880411880355
9.0 142 206 0.2783240915835899 0.3164965424366467 -6.187651831123148 2.1166767437536826
9.0 143 207 0.2854242967002619 0.3273119013449585 -6.243348440238386 0.045365740908642316
9.0 144 208 0.2872025323616268 0.33086639049316424 -6.353357233080091 -0.09336618945343478
9.0 145 209 0.285858405600367 0.3284793338571896 -5.818503447279415 0.6520814934609316
9.0 146 210 0.283602463400227 0.3247377819196625 -5.27756646682506 0.7058536468189383
9.0 147 211 0.27461081833007783 0.3113152857047951 -4.283048928339761 0.9994177246580893
9.0 148 212 0.2706561952013871 0.3046883529386563 -3.722803593760341 0.65562780245667
9.0 149 213 0.2593010727564432 0.2835377494249888 -2.2956175522276387 1.5261060740105021
9.0 150 214 0.2602607827544479 0.2860130003790572 -2.5073604763855895 -0.09516249934940424
9.0 151 215 0.2562854928554054 0.279792511453919 -2.1690361679565444 0.08474914870491634
9.0 152 216 0.2586816813089283 0.28056207878484807 -2.6877255005196385 -0.5979801625016088
9.0 x 217 0.2644504389569283 0.2912441678321028 -2.6877255005196385 -0.6145162903864434
9.0 x 218 0.26436441534054833 0.289807289170648 -2.6877255005196385 -0.7606892019586762
9.0 153 219 0.257847177982974 0.2789622050387483 -2.5121587403962797 0.21133803405475415
9.0 154 220 0.26066888029806345 0.28119403756321215 -2.5333234202757486 0.09531915935307467
9.0 155 221 0.25746496359120213 0.2750445455989218 -2.2697860728858092 0.21608753765818722
9.0 156 222 0.2544457318231123 0.26965826772653556 -1.697859238343205 0.826365927154785
9.0 x 223 0.2577486062108815 0.27013464006314003 -1.697859238343205 -1.7135770220101687
9.0 157 224 0.25464306328531094 0.27217643565856153 -1.8995974198522931 -0.43285512426919115
9.0 158 225 0.2581324983055271 0.28098210101479815 -2.9228707642611798 -0.596147394617107
9.0 159 226 0.2522845828858621 0.2709106964538745 -2.5747008423683053 0.4571908571560135
9.0 x 227 0.25108008278891925 0.267662973151228 -2.5747008423683053 -0.6828763476906698
9.0 160 228 0.2522915127949853 0.27228828230288527 -1.9481736481673921 0.5182084442430603
9.0 161 229 0.2534873023438461 0.2785720919613595 -2.5551270759142355 -0.5269888832707308
9.0 162 230 0.24998964987685385 0.27254644077135304 -3.3053159583700253 -0.5778720914952675
9.0 163 231 0.2436200224449595 0.25663418712975705 -0.5941710102205655 2.4783176663953905
9.0 164 232 0.24196107861469746 0.24680412659729736 -0.8753448831273176 -0.1726242230925017
9.0 165 233 0.2440629398696887 0.25115480022934866 -3.796074744922308 -2.6586685160215935
9.0 166 234 0.2431372369192164 0.25168238283516475 -3.362633083743273 0.4191653465545033
9.0 x 235 0.24248416772942857 0.24739750044143355 -3.362633083743273 -1.3449317212704641
9.0 x 236 0.24429426794956519 0.2557702966248781 -3.362633083743273 -1.9563263568509304
9.0 167 237 0.24348757634061524 0.2458286305995868 -2.224502348100984 1.0208141382688862
9.0 168 238 0.2432083179914157 0.2475639382226543 -1.2581719925419161 0.8618007485478518
9.0 169 239 0.23720181285870118 0.23293844079865034 -0.9171843471621989 0.4487695277665841
9.0 170 240 0.23794077455344093 0.23674476480744527 -0.014346945350348861 0.7420031468515506
9.0 171 241 0.23779555859653573 0.23659821664473346 0.5551457524219843 0.3614904384828681
9.0 x 242 0.23836979723104387 0.23522118282367646 0.5551457524219843 -0.7655920655615054
9.0 x 243 0.24294944242884078 0.2461081736795398 0.5551457524219843 -0.8438296458010763
9.0 172 244 0.23846633081610782 0.24322996793397822 -0.7137219289525532 -0.9656038340641544
9.0 173 245 0.23796103689998546 0.2458910108361358 0.28439410068762416 0.8261271073274633
9.0 174 246 0.23876730198292898 0.24875769326346156 0.4358871403589024 -0.04692918093638976
9.0 x 247 0.24418641107767558 0.25468092380939394 0.4358871403589024 -1.159743776490525
9.0 175 248 0.23697884011099357 0.24507111982832458 0.6493467277860099 0.32143472898679915
9.0 176 249 0.23213771332271607 0.22901782601955625 0.8797531045868668 0.4363216597985934
9.0 177 250 0.23485126208706922 0.22657218532207116 0.893596719071975 -0.13405924817390114
9.0 x 251 0.23716991220485203 0.23106023906543022 0.893596719071975 -1.6209688083266847
9.0 178 252 0.2325423382890888 0.2181873327621979 0.3802232571851566 -0.2700286383904109
9.0 179 253 0.22616277889375178 0.20767369613730916 2.1572016566033025 1.606153485141197
9.0 180 254 0.2238858034484083 0.19430331540294016 2.2127526729010634 0.17202789402104735
9.0 x 255 0.22813407703653743 0.19921989950491278 2.2127526729010634 -0.8606861923765008
9.0 x 256 0.22403598900399355 0.18538788553860105 2.2127526729010634 -1.3700717426539415
9.0 x 257 0.22228094549571367 0.19832388980604487 2.2127526729010634 -2.4771829287997438
9.0 x 258 0.2279706013532692 0.20178600791905152 2.2127526729010634 -0.755092472573863
9.0 181 259 0.2258205998089153 0.18917606710376803 2.258601457555058 -0.11605230539089106
9.0 x 260 0.22809478754512982 0.1805792847578251 2.258601457555058 -0.5110385434902194
9.0 182 261 0.22724072005717 0.1861114338288776 1.9417045522354686 -0.5168444233572855
9.0 183 262 0.22642550568505987 0.17716308288919147 2.044145102107382 0.10214341688477058
9.0 184 263 0.22129986791410217 0.17930373516172873 2.9294174032144404 1.117047339474468
9.0 185 264 0.21743946241060438 0.18789672255532017 2.787592222339983 -0.4859321074768932
9.0 186 265 0.21666481893927825 0.17816494509353 3.6575341423087773 1.1951963534029835
9.0 x 266 0.217882100213959 0.17479278124139278 3.6575341423087773 -2.4010416606656726
9.0 187 267 0.21900832323231914 0.18574040947464834 2.710619718433756 -0.7166028245584424
9.0 188 268 0.215169243882152 0.18693563118178966 3.2295056038345655 0.5643241039525186
9.0 x 269 0.21462425219920198 0.19318120425880866 3.2295056038345655 -1.8900055803922973
9.0 189 270 0.21402017421957986 0.18178971796148752 4.056347133001284 0.587630325382063
9.0 190 271 0.21261550972913604 0.18917561599830454 4.2106368413640745 0.22790721284010917
9.0 191 272 0.21189242105609163 0.19020700697143655 4.384493785350192 0.04561484954621253
9.0 x 273 0.21472986618721182 0.1854057990448387 4.384493785350192 -0.5385674923703814
9.0 x 274 0.2123306717721807 0.1958891136568513 4.384493785350192 -0.8709447051882999
9.0 x 275 0.21229867327951046 0.18757590109795536 4.384493785350192 -1.878815011622303
9.0 x 276 0.21543403036415806 0.1846576370062404 4.384493785350192 -0.738576441352385
9.0 x 277 0.21413069539848126 0.18835873143233478 4.384493785350192 -0.6545960669531228
9.0 x 278 0.21068965042967858 0.1883536234181303 4.384493785350192 -1.0370057761511755
9.0 x 279 0.21248469309368406 0.19321228210776034 4.384493785350192 -0.09495983761244098
9.0 x 280 0.21541501783354344 0.1966199272876025 4.384493785350192 -0.5602393830484793
9.0 x 281 0.2126662277434549 0.18768010352736622 4.384493785350192 -0.540940394596582
9.0 192 282 0.2135774163552384 0.19487408464963807 3.9633441548006108 -0.26187552990505747
9.0 x 283 0.21655641900229458 0.18302952427539718 3.9633441548006108 -1.3930319092238017
9.0 193 284 0.2160130568238623 0.1988755088023675 3.5411323957158913 -0.4290773393657563
9.0 x 285 0.21669480782345454 0.20301149420097422 3.5411323957158913 -3.046517526281701
9.0 x 286 0.21622515452980964 0.2021102243602512 3.5411323957158913 -0.18569587718136749
9.0 x 287 0.21403898305480462 0.19922003094414856 3.5411323957158913 -0.5331751942065583
9.0 194 288 0.2129787710066833 0.19195712724923153 3.81613258403669 0.36006750636996143
9.0 x 289 0.21176598401877594 0.19938709750641814 3.81613258403669 -0.07841868086504489
9.0 195 290 0.2105062862451121 0.1900611547800069 4.608680405874772 0.5780305006826763
9.0 196 291 0.20969041687886453 0.19223240782005255 4.707285013581431 0.18824423164984427
9.0 197 292 0.21008949413217856 0.19165407939298523 4.4959304176890305 -0.12798829475631202
9.0 x 293 0.21071781005905216 0.19318072674212527 4.4959304176890305 -0.3164568941493462
9.0 198 294 0.2139290783545718 0.20575158474793995 3.493866357746036 -0.9245545081418802
9.0 199 295 0.21264567367574694 0.19565692911866475 3.726354696857738 0.22995348684893235
9.0 x 296 0.21054047485710886 0.19579854167309946 3.726354696857738 -1.192107848918015
9.0 x 297 0.21293960002015383 0.18825555362831561 3.726354696857738 -0.7646058596439458
9.0 200 298 0.21174825074907014 0.18916359463162027 3.1452004008950283 -0.46430831568703956
9.0 x 299 0.21399045447105922 0.18199820524168686 3.1452004008950283 -2.1503650980523568
9.0 201 300 0.20911779860591775 0.18911704569845686 2.1705465744305052 -0.8021541339623801
9.0 202 301 0.20747732556653822 0.18343864721242628 5.086033062220044 2.4326206552297642
9.0 203 302 0.20567473383551435 0.18050796637817754 5.313349954446707 0.30053705815956544
9.0 204 303 0.2038105400161178 0.19183817092200703 5.643883776530153 0.1921629946116994
9.0 205 304 0.20089718463003658 0.18699141355480045 6.128197686764308 0.5298500911114825
9.0 206 305 0.2011897346899104 0.18647354202817465 6.071696158971643 -0.07230427948867213
9.0 x 306 0.20262265185599204 0.17621237480347401 6.071696158971643 -0.8918375788603754
9.0 207 307 0.20121130029538736 0.18478408752684874 5.704813896795482 -0.5297340703212461
9.0 208 308 0.2018190206247244 0.1942031225834899 5.923899030420385 0.5425860657351596
9.0 209 309 0.2005881553226686 0.1949663594367022 5.87985202022811 0.06662099571978608
9.0 210 310 0.19960367858478362 0.1931181284852462 4.877451913383229 -0.7913254476920315
9.0 211 311 0.20156283064086708 0.20007871360806675 5.120901001374256 0.14675836269791187
9.0 x 312 0.20145190724394535 0.20634818638350633 5.120901001374256 -1.4216911720240017
9.0 x 313 0.2038240511134434 0.20208766896909003 5.120901001374256 -0.49408655098142784
9.0 212 314 0.20071289214532587 0.2019229198176919 6.172835735538017 0.7823244536660878
9.0 213 315 0.20023837381984178 0.20756035486994254 6.235728543007235 -0.04131689499979618
9.0 214 316 0.20007571525500642 0.20487364300099356 6.295028049822638 0.1219999793691251
9.0 x 317 0.20279859243464984 0.20994028810931123 6.295028049822638 -1.6224271023394552
9.0 215 318 0.2053929700563147 0.2159901000159367 5.420612826239529 -0.8904681112515886
9.0 216 319 0.2040544691946242 0.20879917191731676 5.352661447009392 0.10300289865961165
9.0 x 320 0.2071904608025213 0.211736053115815 5.352661447009392 -1.5450443777947562
9.0 217 321 0.2054571463194398 0.2154122375172991 5.235607498525036 -0.17276432116966678
9.0 x 322 0.2099310608468674 0.2223043183345224 5.235607498525036 -1.493808939957081
9.0 218 323 0.20862991673998357 0.22121470993712483 4.73093192789251 -0.5382509945501868
9.0 219 324 0.20763554432794704 0.21902435517029734 4.798623873049222 0.1067806936947111
9.0 220 325 0.20596385256086927 0.21946407301466714 5.281796497918474 0.23944675244563474
9.0 221 326 0.2064195317283668 0.22352527822352167 5.202345729380488 0.07945537257746516
9.0 222 327 0.20606591723581102 0.2203795534606895 5.312167416783591 0.05760944100101817
9.0 223 328 0.2047842154530617 0.2157556555155039 5.496193856398611 0.11185058716906049
9.0 x 329 0.20651979948023286 0.2205213254527781 5.496193856398611 -0.3263568570509019
9.0 x 330 0.20520865223843138 0.2130559666411223 5.496193856398611 -0.8452518752461335
9.0 224 331 0.20713192416799253 0.22223582031621011 5.142609603503018 -0.3438055828935713
9.0 225 332 0.20233499402867422 0.21160598060168426 5.915890898680979 0.8770163812722354
9.0 x 333 0.201952646780386 0.20755431174328248 5.915890898680979 -2.0669618585428937
9.0 x 334 0.20234511424648574 0.20856047803194516 5.915890898680979 -0.5102256370338258
9.0 226 335 0.19929683408205429 0.2045311763396573 6.153486702882806 0.41758549434616654
9.0 227 336 0.1984437025420816 0.19917096320551983 6.090375524907979 0.0008564146181253562
9.0 228 337 0.19658167434513082 0.19074577023704392 6.446883276186528 0.3699023444866887
9.0 229 338 0.1998108812455156 0.20073480841137487 6.128368365534337 -0.41481591079105584
9.0 230 339 0.20049558718200802 0.2083762532384473 6.15669738970049 -0.042514004384459625
9.0 231 340 0.20288822463843875 0.21285110821366607 5.511266782198599 -0.5630241248000134
9.0 232 341 0.19831609302100528 0.20749374702396303 5.458428289182567 0.15107674003264382
9.0 x 342 0.19936281312569598 0.21634039569464425 5.458428289182567 -1.7980016284280862
9.0 x 343 0.20092615272439254 0.20813223786844368 5.458428289182567 -3.4677230926677907
9.0 233 344 0.20049923228942898 0.20444160377070167 5.575468504719258 0.01847867864784636
9.0 234 345 0.19666638000353712 0.19190769857540962 6.775254529936225 1.0703556374093788
9.0 235 346 0.19512030330700147 0.18994583583276864 7.071229681087942 0.1235569396300864
9.0 236 347 0.19494621780222848 0.19196864270369568 7.149400321886692 0.19553947942495586
9.0 237 348 0.19373625661618565 0.18751909089921584 7.025909943719532 -0.3418885101560303
9.0 238 349 0.193948509791649 0.19359617480345634 7.257078981814804 0.3399441478576124
9.0 x 350 0.19406885809569016 0.18309551678358446 7.257078981814804 -1.2225686759944878
9.0 239 351 0.1920177569212907 0.19002986686965587 6.513746567754143 -1.0275258142656023
9.0 240 352 0.19133189029944328 0.1908623193354409 6.558802637467129 0.03308334350382758
9.0 x 353 0.19347235395602702 0.19681406336619878 6.558802637467129 -0.3486952788564679
9.0 241 354 0.19132411999397145 0.18531981361777802 6.514581608550104 -0.05737048260509692
9.0 242 355 0.1937265625269573 0.18157784014785944 7.279555969072234 1.0674135197208212
9.0 243 356 0.19412328679421006 0.18205259924385866 6.999583306937993 0.00018107532034150609
9.0 x 357 0.19379058389762324 0.1865035775339565 6.999583306937993 -1.151562980408614
9.0 x 358 0.19743661549686678 0.19442403328524968 6.999583306937993 -2.391356625317143
9.0 x 359 0.19592981513291172 0.18318452489188172 6.999583306937993 -1.3963024930265284
9.0 x 360 0.1975712854638931 0.17541103520727847 6.999583306937993 -0.5131170656306132
9.0 x 361 0.192939443888219 0.17962358861842456 6.999583306937993 -0.49723985204596843
9.0 244 362 0.1955792110299281 0.18632142514680958 6.729868827227144 -0.6751716147872733
9.0 x 363 0.19763377339497717 0.18426300913566226 6.729868827227144 -0.7797023431608183
9.0 x 364 0.19911651541237121 0.19032357672271588 6.729868827227144 -2.670612897511762
9.0 x 365 0.19606770281382377 0.17836938230080168 6.729868827227144 -1.0111085842336696
9.0 x 366 0.1983304051649516 0.19930416465688078 6.729868827227144 -3.2154006832781343
9.0 245 367 0.19569121659677943 0.1851978308295232 6.715016694389246 -0.02859065472419431
9.0 x 368 0.1967401565365498 0.18853731009669839 6.715016694389246 -0.6682311008960511
9.0 246 369 0.19559515009425532 0.1824926071756779 6.155274112704457 -0.6955879205920485
9.0 x 370 0.19728976108759638 0.1781796147867463 6.155274112704457 -2.270394327212909
9.0 x 371 0.1948745327526974 0.18644442381912701 6.155274112704457 -2.284290700800093
9.0 247 372 0.1934952890108668 0.18324944467361734 7.335005032278038 1.4592151480885338
9.0 248 373 0.1916669267232469 0.1781184763253928 7.644446520260146 0.3260435561817543
9.0 249 374 0.19234585496010828 0.18934861550861215 7.583124829346957 -0.023119702644322615
9.0 x 375 0.19192746065859512 0.18151415273584057 7.583124829346957 -0.9593786948668281
9.0 250 376 0.18964414840451443 0.18307474850724254 7.83153551297779 0.4936825852234916
9.0 x 377 0.19368300893540547 0.19979735799186707 7.83153551297779 -1.2638923495383603
9.0 251 378 0.1910456352763793 0.17683303420177734 7.229622478882403 -0.5138410501372421
9.0 252 379 0.1897584738794238 0.17911225506120576 7.7577821992614115 0.4779795305037311
9.0 x 380 0.1888905484719207 0.17568423918147627 7.7577821992614115 -1.7296078041092757
9.0 253 381 0.19090767705517064 0.17924354450454655 7.523655968567384 -0.24195935522875445
9.0 254 382 0.19087343007508664 0.17526463766538802 7.476633802918504 -0.03243720092242075
9.0 255 383 0.18971129601645487 0.17186221700569504 7.9710444073234346 0.3943346963860508
9.0 256 384 0.19243826039576442 0.1700399470627453 7.4860203005791375 -0.5200043636388889
9.0 x 385 0.19236017071554512 0.178391128964859 7.4860203005791375 -0.6890126735272837
9.0 257 386 0.19057065550789598 0.1738901813920668 7.738965247818133 0.017616977253874566
9.0 258 387 0.19192379255823863 0.17128695899572735 7.261179639734483 -0.588217738084218
9.0 259 388 0.19216272119664146 0.16651121202279845 6.942429013135154 -0.39456964831589136
9.0 260 389 0.19528612604562087 0.1714497713327098 6.948461391592111 0.13999921111255897
9.0 261 390 0.19755357049146613 0.1728500861080395 6.416426143237633 -0.6209583203355278
9.0 262 391 0.1992930654032617 0.17016324964982957 6.245667871153914 -0.14382402400642924
9.0 263 392 0.1991366021172742 0.17336758424942078 6.045176800928747 -0.2792366350004567
9.0 264 393 0.20184587290093217 0.1679544769674439 5.880738030139197 -0.08741683717890503
9.0 x 394 0.20238526613182636 0.16568760929565648 5.880738030139197 -0.8825368303613361
9.0 265 395 0.20179503029530557 0.17152636742930577 5.715693326706012 -0.23171283046908808
9.0 266 396 0.20197844074968901 0.17951458069419868 5.963834861289608 0.4926094102670717
9.0 x 397 0.2042214390912734 0.1837347442128175 5.963834861289608 -0.4366610411645677
9.0 267 398 0.20040592608604385 0.17662648566629702 6.1920715500996675 0.11514571970379262
