3.0 x 0 0.5377838964067219 0.6349254079475675 -166.76384565223933 -61.86638366187305
3.0 x 0 0.5377838964067219 0.6349254079475675 -166.76384565223933 -61.86638366187305
3.0 x 1 0.5521417532299063 0.6505864202488267 -166.76384565223933 -6.881792077438654
3.0 1 2 0.545576865539843 0.643470025726956 -156.0413860967163 10.671659810277504
3.0 2 3 0.5442799275925793 0.6420516986619207 -118.35253386285058 37.36783950787256
3.0 x 4 0.5426115777782429 0.6399770824712562 -118.35253386285058 -73.76911556581858
3.0 3 5 0.5397759950423943 0.6368417633031559 -115.03135461960876 3.3129768321604445
3.0 4 6 0.536791214139134 0.6337186858950647 -103.73236276760677 11.171458062090501
3.0 5 7 0.5268041479198621 0.6224254270817876 -94.11242355154185 9.52886133919472
3.0 6 8 0.5270623590829975 0.6226276300915544 -86.60185618617652 7.3454694408461165
3.0 7 9 0.5210762084100347 0.6161821293553902 -77.04898244470427 9.193083393979208
3.0 x 10 0.5206150794559277 0.6156599535572811 -77.04898244470427 -0.5992670695833198
3.0 x 11 0.5277184798064048 0.6236270998887137 -77.04898244470427 -10.868459771718975
3.0 8 12 0.5123996914007763 0.6063113699179745 -76.4580933987898 0.7085250823993547
3.0 x 13 0.516734418849772 0.6110566171280398 -76.4580933987898 -2.6357188888304393
3.0 x 14 0.5188455643609401 0.6130899626678691 -76.4580933987898 -0.6515546500138569
3.0 x 15 0.5224114921523189 0.6175511465996972 -76.4580933987898 -10.627061067468034
3.0 9 16 0.5099778514595027 0.6037132545139635 -78.04369794211162 -1.4639545715117421
3.0 x 17 0.49870999671534216 0.5911132696921182 -78.04369794211162 -2.3525508445238543
3.0 x 18 0.5090286968210683 0.6026054935637905 -78.04369794211162 -4.065388667144028
3.0 10 19 0.5070345070702694 0.6002444088074013 -75.51329313808951 1.8640336418172438
3.0 11 20 0.4975435399246106 0.5895744832624401 -76.13571462595478 -0.7436132938747235
3.0 x 21 0.49332168101371865 0.5847284475967215 -76.13571462595478 -4.575732684466793
3.0 12 22 0.4982974915430419 0.5902604620078553 -76.1661372492038 -0.03033786020053242
3.0 13 23 0.5010288331609208 0.5931687506346368 -73.69382282884375 2.6726548986603618
3.0 x 24 0.5010963748486318 0.5931424943376421 -73.69382282884375 -1.7369363865826344
3.0 14 25 0.5002319964640655 0.5925753282062244 -72.26482559908852 1.6120678545295917
3.0 x 26 0.4995225589821943 0.5918765688051717 -72.26482559908852 -1.6544951367559761
3.0 15 27 0.4953048020668709 0.5871992809629069 -71.16361037912377 1.2102096743105477
3.0 x 28 0.5030050369836804 0.5957649609346278 -71.16361037912377 -1.8078022742231
3.0 x 29 0.49273998110794015 0.5843681640577133 -71.16361037912377 -3.6289695201631247
3.0 x 30 0.5022662182715207 0.5949846955243667 -71.16361037912377 -3.530220595514436
3.0 x 31 0.48872300975072375 0.5796117403889925 -71.16361037912377 -4.065748939383056
3.0 x 32 0.49920866718757667 0.5915169762795518 -71.16361037912377 -1.6359769512412825
3.0 x 33 0.5019361315069767 0.5947441602058838 -71.16361037912377 -3.6106295422855013
3.0 x 34 0.5004796029936184 0.5930663723701031 -71.16361037912377 -1.324201132438155
3.0 x 35 0.5002784138159801 0.5926941174512165 -71.16361037912377 -3.92403496022105
3.0 x 36 0.5011461562307673 0.5936052200593828 -71.16361037912377 -3.3397734928701865
3.0 x 37 0.4950747578706284 0.586689822699417 -71.16361037912377 -1.981165033799492
3.0 16 38 0.49567004616860966 0.5876525705801153 -71.23357626755889 -0.07508153102383375
3.0 x 39 0.4960953624820575 0.5881162041924354 -71.23357626755889 -0.6540716581236836
3.0 17 40 0.4946966813195489 0.5865700751208625 -71.79490603608185 -0.7527278228291365
3.0 x 41 0.4994364238266184 0.5919637504641738 -71.79490603608185 -0.4384133127429095
3.0 x 42 0.48991419774512346 0.5809037296329017 -71.79490603608185 -3.6373018270018562
3.0 x 43 0.49476117411335285 0.586513699403132 -71.79490603608185 -3.685270957057213
3.0 x 44 0.502235844836727 0.5951012912609227 -71.79490603608185 -4.170832940366793
3.0 x 45 0.4987413872294777 0.5910534549488389 -71.79490603608185 -3.200405421998454
3.0 x 46 0.5026276514095335 0.5955793269158994 -71.79490603608185 -0.7607947276686957
3.0 x 47 0.49446629391834734 0.5863544620533959 -71.79490603608185 -3.5483942331806233
3.0 18 48 0.4895415077232579 0.5805417924372692 -70.01000650051294 2.0149681954836183
3.0 x 49 0.4897415511629025 0.5809128682117832 -70.01000650051294 -4.110197385269451
3.0 x 50 0.4895579588388577 0.5802568876910914 -70.01000650051294 -0.21948694901574584
3.0 x 51 0.49859857405568064 0.5909443878905166 -70.01000650051294 -2.970594275612889
3.0 19 52 0.49461150307775903 0.5863608024678986 -72.81362241107853 -3.136706120445332
3.0 20 53 0.4874640989727411 0.5781691809961533 -70.4665356243332 2.4551463633779704
3.0 21 54 0.4922587062002755 0.5836468351237156 -70.60463529791376 -0.016545007691291858
3.0 22 55 0.4913390977317426 0.5823553968411387 -70.98252959559996 -0.17570541763608816
3.0 23 56 0.4877664806024965 0.5785210646165212 -69.73568148787541 1.1729852053249559
3.0 x 57 0.48031355123595 0.5701947453109742 -69.73568148787541 -1.4710658018773373
3.0 24 58 0.4843697910252774 0.5746137382445929 -69.08559603478987 0.6773416042785882
3.0 25 59 0.47734049225161634 0.5666257496071145 -68.9537384665502 -0.175014985819395
3.0 26 60 0.4756833738235045 0.564826976285942 -67.15044023653184 2.0753498897164633
3.0 27 61 0.4726203591984424 0.5611373574533653 -66.81449598930827 0.21661650928682974
3.0 x 62 0.48019443058838956 0.5699867964695629 -66.81449598930827 -5.257941275641144
3.0 28 63 0.4746466270056467 0.5636811630884011 -67.24321499155498 -0.21323548344800258
3.0 29 64 0.4761663024942158 0.5654513861564054 -67.25264323431041 -0.14196333944720863
3.0 30 65 0.4754652466983879 0.5645691120166568 -67.56424145288231 -0.16222947226726347
3.0 31 66 0.46312612236992756 0.5504013251697235 -64.60101849264706 2.818624270959795
3.0 x 67 0.4723714673333698 0.5611480369300166 -64.60101849264706 -11.600422604343954
3.0 32 68 0.4590510277537725 0.545789124627194 -63.681325556338585 1.0562678743173919
3.0 33 69 0.4547473985396575 0.5408569376471614 -63.284114378828825 0.20503016795240114
3.0 34 70 0.45263094609262183 0.5384245741823608 -63.11001849431478 0.14983965714076675
3.0 x 71 0.43302965744991306 0.5153711016222295 -63.11001849431478 -1.343364990847995
3.0 x 72 0.46024382071686665 0.547219366841168 -63.11001849431478 -3.0066479659073764
3.0 35 73 0.44265579410289235 0.5267444447544034 -60.43865457756542 3.0390354227575926
3.0 x 74 0.4441025034765163 0.5284849590979056 -60.43865457756542 -1.4166572359456495
3.0 36 75 0.4369250691557703 0.5200097230634154 -58.72459237819214 1.6421248738440184
3.0 37 76 0.43475163245495574 0.5175233868436824 -59.139458011347045 -0.2539411065264403
3.0 x 77 0.4316108243452144 0.5138287785379035 -59.139458011347045 -0.7588733472269737
3.0 38 78 0.4344596692521606 0.5171604415527119 -58.35527832810788 0.6934636767268856
3.0 x 79 0.4392173135561356 0.5227485031489753 -58.35527832810788 -2.4783568292695506
3.0 39 80 0.43411076618181627 0.5166741050079932 -58.73199277804601 -0.6364438445390945
3.0 x 81 0.43683322340848724 0.5198766790555244 -58.73199277804601 -0.4492224103076481
3.0 40 82 0.4330773259367434 0.5154418437905701 -57.84459903845354 1.0441995148177696
3.0 x 83 0.4332509643950847 0.515617955396958 -57.84459903845354 -0.2290861865321503
3.0 41 84 0.4304895705305289 0.5123965406169018 -57.26927886105701 0.5687498737222114
3.0 42 85 0.4215732011379206 0.5018033497313257 -55.316481373030705 2.118572074296644
3.0 43 86 0.41438020321616925 0.49315764515299854 -53.490245187341166 1.8253069583394108
3.0 44 87 0.4111466005378055 0.48922363489638554 -52.70830547423628 0.7840994963849752
3.0 45 88 0.4117402808984255 0.4900290874769362 -53.69466318781317 -0.8614550278667252
3.0 46 89 0.40701524803749844 0.4844394599487784 -51.78367326383966 1.8147495512631764
3.0 47 90 0.3934533705412195 0.46794612656858336 -48.543982535193834 3.126300814375739
3.0 48 91 0.3929980022492282 0.46750050076750227 -48.188710606459544 0.4463492699752081
3.0 x 92 0.40236314991830857 0.47892784424945795 -48.188710606459544 -2.44453028346863
3.0 49 93 0.38814396548984514 0.46162789666032733 -48.19068264830708 0.2593657908190181
3.0 x 94 0.3928725141371195 0.46718839676741153 -48.19068264830708 -19.838155825632768
3.0 50 95 0.3763779587409726 0.4474128303403398 -43.88351647554773 4.158422245457338
3.0 x 96 0.38028632401171447 0.45210564510680257 -43.88351647554773 -1.2959526382790045
3.0 51 97 0.36953236262125516 0.43891674826927746 -44.033664472956254 0.1546607998141809
3.0 52 98 0.3523078847838781 0.4171482550262137 -38.656403484826 5.426159758166669
3.0 x 99 0.36309168849763396 0.4308088918854059 -38.656403484826 -10.82114745343656
3.0 x 100 0.36404486263471286 0.4320149532908034 -38.656403484826 -5.495585594600165
3.0 53 101 0.35213210049746746 0.41712458378071005 -37.55251098714921 0.9890682869075462
3.0 x 102 0.35076430262096703 0.415397518283481 -37.55251098714921 -2.9298891540258225
3.0 54 103 0.3519323469998243 0.41694127229290595 -37.306527329005434 0.19888623690340523
3.0 x 104 0.351152385437176 0.41577779691003613 -37.306527329005434 -2.3575586359104292
3.0 55 105 0.34609935655742646 0.4095814166833673 -35.97563173074051 1.428997538359397
3.0 56 106 0.332979084757271 0.3925386650477485 -32.12351677300853 3.928633400583898
3.0 57 107 0.3277134101507597 0.38582431369968884 -33.282845514527246 -0.9205279443115302
3.0 x 108 0.31396249632503287 0.36747042010862013 -33.282845514527246 -2.0423042975678243
3.0 58 109 0.32735846350862446 0.3852005164317111 -33.00790066684495 0.2800305578319353
3.0 x 110 0.3340870571625077 0.3938298593318237 -33.00790066684495 -1.5987708261397486
3.0 59 111 0.3290688896599865 0.38740021333897373 -32.43074669100339 0.499422431223671
3.0 x 112 0.3337483142560629 0.39345277559095976 -32.43074669100339 -8.034037479431468
3.0 60 113 0.3258339095691759 0.38322988247933426 -31.821437291804546 0.6482661031411574
3.0 61 114 0.32552432186840996 0.38342297553752325 -29.4905120842345 2.009082021881433
3.0 x 115 0.3367058555347319 0.3981127060858384 -29.4905120842345 -5.113711401662886
3.0 x 116 0.33938927371751987 0.4015043643551201 -29.4905120842345 -4.365273159338205
3.0 62 117 0.3196099690916097 0.37567118037791564 -28.402529025090995 0.9851066749935384
3.0 x 118 0.3242331966811115 0.3820882070672779 -28.402529025090995 -1.7696533780903536
3.0 x 119 0.32311539504610953 0.3805266582448003 -28.402529025090995 -1.937768128869898
3.0 63 120 0.3193775544966499 0.3752140295293542 -27.987106686901644 0.7273967013758238
3.0 x 121 0.31876754693442666 0.37465968771473523 -27.987106686901644 -1.937587015408237
3.0 x 122 0.3252517183356558 0.3831167686836134 -27.987106686901644 -1.8962427257482446
3.0 64 123 0.31436770060485886 0.3687747462648292 -26.836463496713083 1.2403278345209046
3.0 x 124 0.31761144036796457 0.37317283198335094 -26.836463496713083 -1.5194340409439953
3.0 x 125 0.3063315411688617 0.35821268223298486 -26.836463496713083 -6.657067470175544
3.0 65 126 0.3206611837800102 0.37718606043588376 -28.343377777887042 -1.8530211871432662
3.0 x 127 0.3343112312033261 0.39518594279915753 -28.343377777887042 -3.8222126043800415
3.0 66 128 0.3176635767648682 0.3727703766505443 -27.766472502352133 0.5521905041546198
3.0 67 129 0.3139707129795803 0.3681976136558385 -26.48465852232184 1.317308376219458
3.0 68 130 0.3143193002485029 0.36907685669085594 -26.680424369812204 -0.20779680046612015
3.0 69 131 0.30213374941935595 0.35168324577181825 -24.694011039186318 2.558592539107572
3.0 x 132 0.3006871859625199 0.34888497214465514 -24.694011039186318 -4.986891748048013
3.0 x 133 0.30978644696158963 0.361773957421943 -24.694011039186318 -2.165554184638335
3.0 x 134 0.3152366279968895 0.37001173584592006 -24.694011039186318 -9.543838083156938
3.0 70 135 0.30532903290646496 0.35683455180936524 -23.112227730457857 1.2309183784349003
3.0 x 136 0.3105413942132302 0.36436059593309567 -23.112227730457857 -1.9112493113509004
3.0 x 137 0.3110402853087414 0.36494723953137165 -23.112227730457857 -1.8538213462057556
3.0 x 138 0.3190467605975208 0.37562966345605847 -23.112227730457857 -4.4854749032807675
3.0 71 139 0.2991800955295664 0.3490690321063429 -21.11372725716778 2.018228065697148
3.0 72 140 0.29076504006386544 0.3374158658397303 -18.25646291564964 2.923312211266623
3.0 x 141 0.30095771458938475 0.3513271169153505 -18.25646291564964 -3.594130509287055
3.0 73 142 0.2837198092980005 0.32716553289373035 -15.814095952354299 2.524527028932402
3.0 x 143 0.2910874617437525 0.3368999804357884 -15.814095952354299 -3.662449621984477
3.0 x 144 0.29121702258883575 0.33728680970980046 -15.814095952354299 -3.2689105455305008
3.0 74 145 0.28130749732979243 0.3230200841580872 -15.271240919924642 0.6580360422448237
3.0 75 146 0.28031322709452855 0.3208870498136929 -14.638910461034245 0.48720992323726264
3.0 76 147 0.28115806523989073 0.3207122777032652 -14.934320292845593 -0.2348517382435631
3.0 x 148 0.28944794391181905 0.33308532899785553 -14.934320292845593 -3.0034753561303535
3.0 77 149 0.2823390653951564 0.32309243847201363 -16.228111695030503 -1.1458694403157867
3.0 x 150 0.2838330227655563 0.32484509928426397 -16.228111695030503 -4.857203004924845
3.0 78 151 0.27138559796924805 0.3066964156808132 -12.379282735470719 3.9358785316586893
3.0 79 152 0.2676894831325484 0.3028540246066354 -10.055053744344663 2.1326035343842307
3.0 80 153 0.26413357947435007 0.2969851068099385 -8.758498435533077 1.303086804872601
3.0 x 154 0.2673630721326216 0.30062972903048896 -8.758498435533077 -1.3851476560668416
3.0 x 155 0.2741519001466014 0.31237526396541776 -8.758498435533077 -5.1569862138755
3.0 x 156 0.26591984646974254 0.2990794778557301 -8.758498435533077 -0.7517911620000266
3.0 x 157 0.2612739967280546 0.2910981805127655 -8.758498435533077 -1.3443612169829589
3.0 81 158 0.26460821981052024 0.29694361959064175 -9.745426070228453 -1.1367258310256911
3.0 82 159 0.25871466122896253 0.287195489199041 -6.6685091157578995 3.2950538426673273
3.0 x 160 0.2586362683694236 0.2860472345250723 -6.6685091157578995 -5.394209665856565
3.0 x 161 0.26039531970413815 0.2899462233435015 -6.6685091157578995 -1.3606880127760181
3.0 83 162 0.25759941523158253 0.2849917729338016 -6.643465089452021 -0.06887428992282363
3.0 x 163 0.26014824428246264 0.28887374343460853 -6.643465089452021 -3.349263547976018
3.0 x 164 0.25838505211847695 0.28806589577812425 -6.643465089452021 -1.0346393528788846
3.0 x 165 0.2588373538517148 0.28716439436413305 -6.643465089452021 -2.478701272583595
3.0 84 166 0.2575353256949637 0.28621594154699836 -6.207402953505117 0.5986251483004201
3.0 x 167 0.26129858147616597 0.2898149369512715 -6.207402953505117 -2.9868811224576586
3.0 85 168 0.2532337409103748 0.27997745422024545 -5.328540596175767 0.7053279785222735
3.0 86 169 0.24795945238863423 0.2698886781332095 -4.466051997122025 0.7870054810543516
3.0 87 170 0.2462123831447564 0.26670797985584904 -2.09110458232033 2.570344372805223
3.0 x 171 0.25385712405669 0.28243018372892587 -2.09110458232033 -2.666816306023208
3.0 88 172 0.24402245233275063 0.2628746168263815 -0.8676938215501702 1.3322684455458593
3.0 89 173 0.2409399404902617 0.25720754058556117 -0.1886652471131347 0.5791401258497135
3.0 90 174 0.2403273229320127 0.2542243275845393 0.07269065497393405 0.2766120120599644
3.0 x 175 0.23845414256601832 0.24640855400142514 0.07269065497393405 -2.3458872318164685
3.0 91 176 0.23971941612491324 0.2493739579156672 -0.0570673996784142 -0.16905265760649169
3.0 x 177 0.23533602404614093 0.2394265358700872 -0.0570673996784142 -3.5784190719803335
3.0 x 178 0.23497331773127525 0.24190206939559084 -0.0570673996784142 -5.95354430966011
3.0 92 179 0.23821721589365724 0.23890064451418164 0.13797183489239137 0.17081182222683705
3.0 93 180 0.2357004184028607 0.2315529697792642 1.5951858887702974 1.5114566858243004
3.0 x 181 0.2377508880680547 0.24156998588672032 1.5951858887702974 -1.9141449123615883
3.0 x 182 0.23468235008786395 0.23072849493762318 1.5951858887702974 -9.484248925818385
3.0 94 183 0.23493990556784167 0.2261330189258914 2.6360824872532636 1.1384934115331615
3.0 95 184 0.23662613263323562 0.2271090637365389 2.176141568695868 -0.4022112590542215
3.0 96 185 0.2341197611700313 0.220851477799988 2.6892361852494933 0.40896596886756464
3.0 x 186 0.23433216102020318 0.215425560058443 2.6892361852494933 -2.894238156907872
3.0 x 187 0.2351310681166684 0.22604324027252023 2.6892361852494933 -0.8633502316859751
3.0 x 188 0.23530556070952235 0.22403351363122898 2.6892361852494933 -0.2322455009627129
3.0 x 189 0.23705346523159693 0.23560527412974971 2.6892361852494933 -1.769729110295939
3.0 97 190 0.2289765690250628 0.2131548936943248 3.0727220607787467 0.24981173905597887
3.0 x 191 0.23186411195946843 0.22091076220564398 3.0727220607787467 -1.759314204739508
3.0 x 192 0.22994419180305956 0.21418182128076402 3.0727220607787467 -3.6423837406881976
3.0 98 193 0.22594061519502018 0.204347501873814 1.4717105240660449 -1.7567315884076653
3.0 99 194 0.22847310512818975 0.20691274964071527 -0.37565553191200723 -1.9045431448860435
3.0 x 195 0.22936477903413863 0.200515387726824 -0.37565553191200723 -2.4380499200016836
3.0 100 196 0.22992204752518422 0.20463110126403897 4.499809525764674 5.245567370352607
3.0 x 197 0.228808508443871 0.19476041015962037 4.499809525764674 -3.0709632144045553
3.0 x 198 0.228952339630637 0.2012621826400894 4.499809525764674 -2.1043287452680866
3.0 x 199 0.23256960746263605 0.21957033023156425 4.499809525764674 -2.252309721823121
3.0 x 200 0.23525482098491024 0.21200204128695138 4.499809525764674 -3.3842382400710496
3.0 x 201 0.2324361781520871 0.20776149273829164 4.499809525764674 -3.946593355426455
3.0 101 202 0.22973072109577522 0.20148526372005252 4.236702882172847 -0.2991439915878633
3.0 102 203 0.22783628137192527 0.20019589365149754 5.707467126929436 1.5794829857510297
3.0 x 204 0.22816289623222585 0.19954440317080177 5.707467126929436 -3.8660801094890727
3.0 103 205 0.22767601168816926 0.20166493945346056 5.580824622792643 -0.1641966640733621
3.0 104 206 0.2292612639630906 0.19436348634940112 5.252307958936654 -0.13308517399522302
3.0 105 207 0.2300720447191872 0.20146824855462134 4.2838653359973735 -0.867864561491503
3.0 106 208 0.22848789401634434 0.20386360131697187 5.01137240550313 0.7428802844690612
3.0 x 209 0.2293606376588233 0.20184724389756223 5.01137240550313 -1.7648872434772818
3.0 x 210 0.2281147010745582 0.20112391824285952 5.01137240550313 -1.825912439281999
3.0 107 211 0.22702952944745508 0.19495794905305783 5.695804879304277 0.6861391346278953
3.0 x 212 0.2272340274365535 0.19118018953161975 5.695804879304277 -1.108846810036729
3.0 x 213 0.2295678838354478 0.18326563409678365 5.695804879304277 -2.4968028142680376
3.0 x 214 0.22718818552602696 0.1962277216114927 5.695804879304277 -1.4593523688907872
3.0 108 215 0.22573093882055129 0.1911441215151155 6.5863717918749325 0.6348806757056806
3.0 x 216 0.229222836960608 0.19104493386170734 6.5863717918749325 -1.950912240228547
3.0 109 217 0.22585822042009185 0.1990264036762516 6.491677712278733 -0.10395225564024191
3.0 x 218 0.2276938291454659 0.20658281621509203 6.491677712278733 -1.022758833098922
3.0 110 219 0.2262139855182546 0.1972453771028275 6.481741451512842 0.027588069711092622
3.0 x 220 0.22852508959737475 0.19875288513899636 6.481741451512842 -0.733690612698239
3.0 x 221 0.22630011738824982 0.19409683598825345 6.481741451512842 -0.34629276563291356
3.0 111 222 0.22495278471275912 0.19205186304733055 6.672181935372748 0.4448451751049278
3.0 x 223 0.228340647884307 0.1931838402850414 6.672181935372748 -2.8442997321586025
3.0 112 224 0.2237325010714211 0.194843557725555 7.586473039105653 0.6826251533672592
3.0 x 225 0.2234585851591137 0.20065606739730024 7.586473039105653 -2.388789009161954
3.0 113 226 0.2227129535457432 0.18788463101613148 8.235159207639887 0.7571177852426496
3.0 x 227 0.2234785170163615 0.18546317134817936 8.235159207639887 -0.7346165672950518
3.0 114 228 0.22169578045562463 0.18867875100902512 8.427692678318392 0.08324173617585728
3.0 115 229 0.21959487966048014 0.1919587260734692 9.569858321425343 1.2242332568402237
3.0 116 230 0.21836186138113212 0.1886680501061532 9.886880914484964 0.4896404522959106
3.0 x 231 0.2203102135871894 0.17902671948696844 9.886880914484964 -1.0187819044488577
3.0 x 232 0.2216262582948028 0.1835235983976112 9.886880914484964 -2.858645322891836
3.0 x 233 0.21877457472751063 0.192428460489026 9.886880914484964 -3.5920503895723366
3.0 117 234 0.2166525265908445 0.1879821446084977 10.823946137220574 0.923550491526866
3.0 x 235 0.216916707041069 0.18441455303590124 10.823946137220574 -0.8570735180995666
3.0 x 236 0.21682256092608812 0.19125003600022206 10.823946137220574 -0.8875087244932516
3.0 x 237 0.21924876393604864 0.1848314677004649 10.823946137220574 -1.1493569975107167
3.0 118 238 0.21582022997748992 0.1889271583110973 11.318352190305793 0.38838507578503645
3.0 119 239 0.2145255831575305 0.17722444428133352 11.86401815446011 0.6540947009007922
3.0 120 240 0.21472582646710242 0.18127928100473148 11.632161574711885 -0.3918391137635737
3.0 121 241 0.21459548359990102 0.18147682271684135 9.899384220618884 -1.9422264395161815
3.0 x 242 0.21568088203652455 0.18079718708531958 9.899384220618884 -5.652835682091177
3.0 122 243 0.21718525004425607 0.18962035549874554 9.681038576160377 -0.16115841782040086
3.0 123 244 0.21628522090224883 0.19440148320216868 10.982927135558095 1.6064155009226724
3.0 124 245 0.21522465444155647 0.19632014836690612 11.355897137852557 0.2001789097070663
3.0 x 246 0.21537870848834936 0.199444444570062 11.355897137852557 -2.199007192753724
3.0 x 247 0.2187880939236282 0.20139417473285293 11.355897137852557 -3.150579945629296
3.0 125 248 0.21452850948182317 0.1938421271092752 11.956696198566918 0.7056972498746781
3.0 126 249 0.21476362549960962 0.1828966299118727 10.736509016858713 -1.0130601808892195
3.0 x 250 0.21902426373036454 0.1822467366087626 10.736509016858713 -1.1993983525282026
3.0 x 251 0.21552752100366682 0.1860283503086526 10.736509016858713 -6.52100652910463
3.0 x 252 0.2153561778671238 0.17785674164760304 10.736509016858713 -4.589760579277429
3.0 127 253 0.2110566801511149 0.17447839067150725 13.577581300605795 2.6715194469003976
3.0 128 254 0.21014795984230888 0.16442005400628326 13.63554149964037 0.17161915004190575
3.0 x 255 0.2140807203647293 0.16789572944955566 13.63554149964037 -2.3034795026999575
3.0 x 256 0.21283924997742654 0.15810163744568653 13.63554149964037 -5.020600341977691
3.0 x 257 0.2079449267597601 0.16749173126959693 13.63554149964037 -5.464598424816113
3.0 x 258 0.21297576477196228 0.17054838230450892 13.63554149964037 -1.5408712450460573
3.0 x 259 0.21399306642199473 0.16097292753534115 13.63554149964037 -1.5922200445332422
3.0 129 260 0.21287875031465225 0.15775302418118123 12.722090153826457 -1.0739867098348999
3.0 x 261 0.21442152038256895 0.15518281029350006 12.722090153826457 -1.818305893867711
3.0 130 262 0.2130548694666774 0.15145308098393107 12.640341186244827 -0.08026591710078002
3.0 131 263 0.20824211585831923 0.15170337608634213 13.965914660788892 1.5583701827494423
3.0 132 264 0.203135684196029 0.15712971293275166 16.449960068949178 2.137585447628874
3.0 x 265 0.20520566566993628 0.15071810948167313 16.449960068949178 -0.3286178470098857
3.0 x 266 0.20590986886761514 0.1547970526463364 16.449960068949178 -10.172008255062206
3.0 133 267 0.20494597592834532 0.16339845111779183 16.435788122521668 0.21947159032324493
3.0 134 268 0.20043719438975607 0.16445760524154057 18.63431090543821 2.2414029229209547
3.0 x 269 0.20075306198802648 0.16973997572283503 18.63431090543821 -2.8690529264447857
3.0 x 270 0.20049517349186396 0.1593034421683269 18.63431090543821 -0.9049082422164147
3.0 135 271 0.1991086063150765 0.17102546003794575 19.03142926539493 0.4717980499614356
3.0 136 272 0.1979860646444334 0.17246142523546631 19.920123158690075 0.7587104172854247
3.0 x 273 0.20107438476239817 0.16763043708056335 19.920123158690075 -2.4929375822882776
3.0 x 274 0.196910637050262 0.17854861455552248 19.920123158690075 -1.3576987608436042
3.0 x 275 0.19799170060927254 0.1708588154258377 19.920123158690075 -4.411493512632971
3.0 x 276 0.20089197067727277 0.16697269490609912 19.920123158690075 -1.76484643198609
3.0 x 277 0.20094212921111576 0.17022954113789274 19.920123158690075 -1.9683037922556856
3.0 x 278 0.1977525424541021 0.17116984521263065 19.920123158690075 -2.58207383949026
3.0 x 279 0.19833353838941634 0.1747602844066743 19.920123158690075 -0.17287702249257464
3.0 137 280 0.2002757970813135 0.17776754821923405 18.229531210288716 -1.5517575498367187
3.0 138 281 0.2004320116417938 0.1761090140978627 18.70543042601506 0.31967989262264496
3.0 x 282 0.2015349628355393 0.1800117353749313 18.70543042601506 -1.048590121061956
3.0 x 283 0.2028207123049585 0.16566071209543226 18.70543042601506 -5.949530823157664
3.0 x 284 0.2024526547908489 0.1789986682914079 18.70543042601506 -0.9986531787043091
3.0 x 285 0.20163757787509481 0.18002231690026196 18.70543042601506 -5.497814952095279
3.0 139 286 0.2000096464957191 0.18002346705887287 18.871343241056678 0.2188611952956272
3.0 x 287 0.19878305706635296 0.18068746144022566 18.871343241056678 -0.9680447246375898
3.0 140 288 0.1984203174763043 0.1731290140154224 19.383873916222154 0.5984178149999018
3.0 141 289 0.19770998672753728 0.17884025133357198 19.105609628675882 -0.1963277226425788
3.0 142 290 0.19571679833818362 0.1771310831893167 21.0296714373401 1.7091398784182665
3.0 143 291 0.19521423892358886 0.17987190643882614 21.278054249231825 0.3384470713417791
3.0 x 292 0.19588165019401943 0.17886188094602481 21.278054249231825 -0.6408610491809128
3.0 x 293 0.1964315590142127 0.181110499389331 21.278054249231825 -1.9302900381304227
3.0 x 294 0.1998841975553821 0.1932865018051772 21.278054249231825 -2.9412980938465836
3.0 144 295 0.1939255980056486 0.17094909514691028 21.95298193826457 0.6718013561330274
3.0 x 296 0.1922543616075595 0.17070783358259126 21.95298193826457 -0.9822513091847647
3.0 x 297 0.1948329114212745 0.16518175803871082 21.95298193826457 -1.1598744295927013
3.0 145 298 0.19249598863535242 0.1648880076301747 22.126816462422127 0.28978325639235436
3.0 x 299 0.1953528956548332 0.1588550212680576 22.126816462422127 -4.3078868397573835
3.0 x 300 0.1904498324616676 0.16384785313852526 22.126816462422127 -0.7265740109379877
3.0 x 301 0.19147252753207758 0.15900787606867092 22.126816462422127 -1.8553363007816124
3.0 146 302 0.19031302343807038 0.16242935878275352 22.709446687455685 0.6530394179861823
3.0 147 303 0.18817789563257595 0.17265550029112525 24.92546517438379 2.076922544046017
3.0 148 304 0.18604769340857616 0.16865465981060718 26.021878171448645 1.142054431038499
3.0 149 305 0.18572044726886475 0.16861832198136947 26.233579422447473 0.19409575992498418
3.0 x 306 0.18648219917432168 0.15991220361374303 26.233579422447473 -1.0791051664805593
3.0 x 307 0.18527531635113317 0.16758909877573383 26.233579422447473 -0.22839294066701754
3.0 x 308 0.18762047065567566 0.17653620440405665 26.233579422447473 -4.860513815178258
3.0 150 309 0.18420198611392335 0.16926600605154135 26.633144072657853 0.508075693132966
3.0 x 310 0.18351740446146594 0.16725172231417273 26.633144072657853 -2.1710295635427066
3.0 151 311 0.18498546275743616 0.17429857248615224 26.62873805263763 -0.10045139616841325
3.0 152 312 0.1841793794426193 0.180663725582713 25.732304637209136 -0.7097789791714995
3.0 x 313 0.1865442241649858 0.1818826966553164 25.732304637209136 -1.5668599929903912
3.0 153 314 0.18362918072597262 0.1821082987526296 27.35996828274531 1.3621716365393723
3.0 x 315 0.1845636762783916 0.18783463427767533 27.35996828274531 -1.0041308487767466
3.0 154 316 0.18305032056944404 0.1793146356381329 27.71097713132329 0.4136305213190461
3.0 x 317 0.1843695507921401 0.18154053088798655 27.71097713132329 -3.4779801102382457
3.0 x 318 0.18682511479359745 0.18970190837627995 27.71097713132329 -2.0583306437336013
3.0 x 319 0.18298052579434954 0.17319108518472617 27.71097713132329 -0.6938608164212887
3.0 x 320 0.18590464144249885 0.18138663835838095 27.71097713132329 -2.8564037040750314
3.0 x 321 0.18458814786441263 0.1849710912730767 27.71097713132329 -0.8858834807742042
3.0 x 322 0.18591638617363 0.18434857870572668 27.71097713132329 -2.539675311043954
3.0 155 323 0.1851409485942902 0.1835169140047137 26.589221027093767 -1.1524335387644307
3.0 156 324 0.18471163293997214 0.1821418243857456 26.768429347947173 0.2180993029269942
3.0 157 325 0.18227879605195613 0.18268848870763682 27.01953159037558 0.007748122897293541
3.0 158 326 0.18130250323768277 0.18644286860030454 28.550864192526102 1.6902983765036375
3.0 159 327 0.18091061597062733 0.18266552092071198 28.497628232342446 -0.10372152151985148
3.0 160 328 0.1790889229874573 0.17815053347323476 28.750928525557224 0.17871772437663225
3.0 x 329 0.18076591713997606 0.1823421041178241 28.750928525557224 -1.088351753986256
3.0 x 330 0.18033364871009339 0.17629238799789082 28.750928525557224 -3.7991892855797857
3.0 161 331 0.17990956362644794 0.18198956930326055 28.50025362540063 -0.2391947017104208
3.0 162 332 0.1765780046382334 0.17314845621279878 30.848150646331224 2.4512476536240264
3.0 x 333 0.1766600881270071 0.1697983726425761 30.848150646331224 -8.48992539457143
3.0 163 334 0.17684223143017092 0.17174508018168128 30.720304677657726 0.1373563110438738
3.0 164 335 0.1750103560278427 0.16693918256962847 29.98310146509893 -0.5596496342565089
3.0 165 336 0.17488200593145758 0.1630274429401873 28.915144890390632 -1.007108338921725
3.0 166 337 0.17421160299246224 0.15718049818539845 29.284973107622903 0.38302788317175995
3.0 167 338 0.1757549181004242 0.16484855671422172 29.826462737812733 0.44575349375483597
3.0 168 339 0.1759470471176756 0.1707564787816516 30.625991280062223 0.7293220203599802
3.0 x 340 0.17768427210593107 0.17385357898493642 30.625991280062223 -2.2318771269620648
3.0 169 341 0.1723820494655085 0.16680743571564974 30.080055569887392 -0.34088557476489
3.0 x 342 0.17173981633240598 0.1737232948678088 30.080055569887392 -4.369699705987369
3.0 x 343 0.1748246852093633 0.16736585784203553 30.080055569887392 -11.42920129493881
3.0 x 344 0.176022475022557 0.165140136481997 30.080055569887392 -1.0051369310798854
3.0 170 345 0.169355094864917 0.15698620990693532 34.42820225838732 4.216290922354553
3.0 171 346 0.16774273428732256 0.15569049426339376 36.392549043134295 1.7899532281910027
3.0 172 347 0.16831183528309046 0.1573458877663784 35.65276783717646 -0.6229262734000756
3.0 173 348 0.1660359477701782 0.1543721786526355 37.04332201774988 1.1709515357391354
3.0 174 349 0.16660792631013424 0.16011482171934951 37.06832821416666 0.13223477391665028
3.0 x 350 0.16663426207277512 0.15239395330154282 37.06832821416666 -2.057671371511084
3.0 x 351 0.1649161951563783 0.15735583267212655 37.06832821416666 -1.3957026884360104
3.0 175 352 0.1665348358758305 0.16067761093811436 37.10958946282347 0.030682966253543498
3.0 176 353 0.16828619502262984 0.16550340538080927 36.0724921945039 -1.0561648513723227
3.0 177 354 0.1681070972125333 0.16126289246134656 36.173505306600035 0.0875802366474403
3.0 x 355 0.17101630802553805 0.15727343851335734 36.173505306600035 -4.052303077096106
3.0 x 356 0.16764357656968207 0.16239346702659216 36.173505306600035 -1.2894767272993946
3.0 x 357 0.16892940521716643 0.1642852692108281 36.173505306600035 -1.8166300967184625
3.0 x 358 0.17194702509695461 0.1722487926405105 36.173505306600035 -4.579860431529443
3.0 x 359 0.1706838098798582 0.1611183600691494 36.173505306600035 -2.6273676395249126
3.0 x 360 0.17095114364401665 0.15524017602317725 36.173505306600035 -1.8805402502726807
3.0 178 361 0.16559993571223455 0.15982365409286223 37.17396237010072 1.173132985275359
3.0 x 362 0.16599037548581252 0.1624626901206409 37.17396237010072 -1.6596437183482138
3.0 x 363 0.16680461845724676 0.1571036238171418 37.17396237010072 -0.38611994217531276
3.0 x 364 0.16898640176695753 0.16239254919680343 37.17396237010072 -2.7540340721508443
3.0 179 365 0.16495511029067692 0.15299723557803319 37.99276722205794 0.6296195501477868
3.0 x 366 0.16747092034230726 0.1638348873265753 37.99276722205794 -6.562116071289857
3.0 180 367 0.16427225441685006 0.1522784505282441 38.38291928736566 0.37487907276341303
3.0 181 368 0.16446134508410884 0.1549341173948465 37.68050696505663 -0.8229914995495804
3.0 x 369 0.16516445614517827 0.15291407902860898 37.68050696505663 -1.9821137119724455
3.0 x 370 0.16511251405548363 0.1509665519309394 37.68050696505663 -4.337288052828974
3.0 x 371 0.1648362924064434 0.1580552486925747 37.68050696505663 -4.741534166874821
3.0 182 372 0.1628685857311039 0.1554103886430704 39.12712546093522 1.726643340141024
3.0 183 373 0.16126329724914998 0.15012546073641225 40.12947892261514 1.0176449833481556
3.0 x 374 0.16304395404690167 0.15948014079463077 40.12947892261514 -1.4482454863423797
3.0 184 375 0.1600971781842171 0.1437020483284956 40.06645137044533 -0.3397317891975362
3.0 185 376 0.15839504036152735 0.13922787348406357 42.08577855055789 2.26661414171614
3.0 x 377 0.1597784471202801 0.1518030397738874 42.08577855055789 -4.756865300983655
3.0 x 378 0.1599646644675186 0.13626394548925724 42.08577855055789 -1.2022831007947303
3.0 186 379 0.15829726890877852 0.141437090478993 42.090979592453586 -0.04430007627387056
3.0 187 380 0.1582808771513601 0.1385493985048364 39.99423670991688 -1.7656360097039467
3.0 x 381 0.15994500857509092 0.13809328145083025 39.99423670991688 -1.3637192128481317
3.0 188 382 0.15805275511921854 0.13572645826602586 39.93881390371652 -0.03805167478072491
3.0 189 383 0.1587625151061774 0.13331085659758707 40.70261591667576 0.6646670526348117
3.0 x 384 0.16106755149745608 0.13166130994882475 40.70261591667576 -1.548188914174915
3.0 x 385 0.15793928407360439 0.13992993682683796 40.70261591667576 -3.3100220763246
3.0 190 386 0.1558071619855268 0.13589886461750017 43.631933104050326 2.69341095455421
3.0 x 387 0.15635500758545037 0.13475067614142458 43.631933104050326 -0.9323044183215856
3.0 191 388 0.15634011746363755 0.13173953382620088 42.98818809898513 -0.7187085412994421
3.0 x 389 0.16008454031719344 0.13596421364505892 42.98818809898513 -1.8843764513449628
3.0 x 390 0.1577719338063599 0.1326815725870433 42.98818809898513 -1.4658849225484119
3.0 x 391 0.15823755682647306 0.12949281207145918 42.98818809898513 -0.9175695503486097
3.0 192 392 0.1560050723077892 0.13436111582485932 42.56631666063952 -0.49996777266449044
3.0 x 393 0.15862899516945525 0.1305129237897633 42.56631666063952 -0.7807928084907942
3.0 x 394 0.15812014534053787 0.13179954912405467 42.56631666063952 -3.6256306368917777
3.0 193 395 0.15554171688865928 0.13684980316585815 42.024211148461525 -0.6082480223587226
3.0 194 396 0.1565458641548396 0.1442116083056226 43.226014247821695 1.445281783701141
3.0 195 397 0.1582950579863002 0.14723382316191497 42.07317853179601 -1.0816464789457214
3.0 196 398 0.15683425945319598 0.14465477592708567 42.95321010015481 0.767502680852445
