1 x 0 0.5377838964067219 0.6349254079475675 -500.291536956718 -186.33486521716287
1 x 0 0.5377838964067219 0.6349254079475675 -500.291536956718 -186.33486521716287
1 x 1 0.5521417532299063 0.6505864202488267 -250.145768478359 -270.8419419993284
1 x 2 0.545576865539843 0.643470025726956 -250.145768478359 -218.02918955703547
1 x 3 0.547545778165746 0.6456349077980114 -250.145768478359 -126.12633435477258
1 x 4 0.547186544636996 0.6449933807788155 -250.145768478359 -621.6189397783887
1 x 5 0.5444039236753704 0.6419338984252443 -250.145768478359 -234.76432594516433
1 x 6 0.5458906161914021 0.6439852413260491 -250.145768478359 -188.3291568377751
1 x 7 0.5393490881614206 0.6363688298713386 -250.145768478359 -190.38997609423984
1 x 8 0.5488913454915364 0.6470134665514894 -250.145768478359 -179.14110622816975
1 x 9 0.5434115928444172 0.6413020055721811 -250.145768478359 -111.38230782400223
1 x 10 0.5483995496544375 0.6465707562259817 -250.145768478359 -281.47780806772994
1 x 11 0.5546976758224502 0.6535107290834453 -250.145768478359 -505.90968036377063
1 x 12 0.5412691150791697 0.6385398895955308 -250.145768478359 -291.9434217617247
1 x 13 0.5524767673489682 0.6509382152026066 -250.145768478359 -301.07383434793724
1 x 14 0.5546161379978252 0.6529508948587631 -250.145768478359 -229.28568343435393
1 x 15 0.5570939107795893 0.6561505031875362 -250.145768478359 -440.8836299720002
1 x 16 0.5467072979997686 0.6448193774985203 -250.145768478359 -304.76237538028863
1 x 17 0.5392531998883648 0.6366019275164713 -250.145768478359 -336.42749074815276
1 x 18 0.5477832210174967 0.645872827217044 -250.145768478359 -329.4390364093331
1 x 19 0.5463973984080018 0.6441679268909231 -250.145768478359 -47.57141628987262
1 x 20 0.5409907402878302 0.6384287674925045 -250.145768478359 -182.22737400930686
1 x 21 0.5453941121310317 0.6431700190900136 -250.145768478359 -154.58309997136382
1 x 22 0.5496651911411814 0.6477531117900805 -250.145768478359 -253.7463650060337
1 x 23 0.5509212343012518 0.6491193108644748 -250.145768478359 -359.84216600711034
1 x 24 0.548861539725226 0.6469610515912372 -250.145768478359 -678.0988995208291
1 x 25 0.5481752055661763 0.6466288440542446 -250.145768478359 -342.2436979569321
1 x 26 0.5480658162118648 0.6463052054341847 -250.145768478359 -166.36909971081238
1 x 27 0.5447962432230361 0.6427941995602826 -250.145768478359 -293.2455624144596
1 x 28 0.5549713753791028 0.6536402973446451 -250.145768478359 -300.0750159664559
1 x 29 0.5465744987869683 0.6446694332488512 -250.145768478359 -482.3946769826983
1 x 30 0.5542371270857931 0.6528585474608775 -250.145768478359 -136.14625968363754
1 x 31 0.5435823523359957 0.6411051133720387 -250.145768478359 -524.2554881446875
1 x 32 0.5520132981253123 0.6504442492574312 -250.145768478359 -344.96487804645346
1 x 33 0.5541795089280654 0.6530046682405105 -250.145768478359 -411.97039993861307
1 x 34 0.5529203754116133 0.6515180771296757 -250.145768478359 -302.8312919347205
1 x 35 0.5530192829230874 0.6514768448666284 -250.145768478359 -120.14447366074917
1 x 36 0.5536580927687502 0.6520907882788768 -250.145768478359 -135.71096204330533
1 x 37 0.5488603128501183 0.6467564456817873 -250.145768478359 -405.43170938836
1 x 38 0.5490153188622043 0.64728694947468 -250.145768478359 -247.43382687821472
1 x 39 0.5492518428486627 0.6474571395501516 -250.145768478359 -189.81871649245488
1 x 40 0.5482806060109391 0.6464250628628462 -250.145768478359 -172.47253007063483
1 x 41 0.5529029574157359 0.6515198526575253 -250.145768478359 -438.6282216197973
1 x 42 0.5451566016008282 0.6426715193122843 -250.145768478359 -132.4898760879168
1 x 43 0.5491021170151774 0.6471668767299161 -250.145768478359 -148.31734771904766
1 x 44 0.5548725637652476 0.6536542191150024 -250.145768478359 -619.1416168526615
1 x 45 0.5520275976226121 0.6504256338460875 -250.145768478359 -173.4822570147498
1 x 46 0.5551752840515758 0.6540240205120142 -250.145768478359 -391.6774919431978
1 x 47 0.5483905409389019 0.6466123254401729 -250.145768478359 -148.95776376385578
1 x 48 0.5449236554447803 0.6424884624876411 -250.145768478359 -361.21115166105136
1 x 49 0.5491101974619857 0.6474745986641371 -250.145768478359 -98.34552661375832
1 x 50 0.5489077937486089 0.6467459954314726 -250.145768478359 -292.38468710471346
1 x 51 0.5557132102723857 0.6547464135883544 -250.145768478359 -352.4399075223431
1 x 52 0.552464824814364 0.6511174260037563 -250.145768478359 -133.3319126036629
1 x 53 0.5435375584772492 0.6410896454952053 -250.145768478359 -294.6828101028212
1 x 54 0.552692754294543 0.651291568767847 -250.145768478359 -324.6021924119959
1 x 55 0.5483561726812147 0.646215125749548 -250.145768478359 -359.9342118844195
1 x 56 0.5457509056865314 0.64387066123272 -250.145768478359 -209.78192050185663
1 x 57 0.5427382936219352 0.6405879805566532 -250.145768478359 -102.18655720975369
1 x 58 0.5461981703599298 0.6440827249419236 -250.145768478359 -256.64387354023035
1 x 59 0.5436786053970587 0.6413602795383858 -250.145768478359 -126.91983740925068
1 x 60 0.5478572853941873 0.6460349345655739 -250.145768478359 -402.9748728173085
1 x 61 0.5465249641249295 0.644265098517903 -250.145768478359 -194.28256169809057
1 x 62 0.5541549270113525 0.6531342912377056 -250.145768478359 -135.58668286646355
1 x 63 0.550274178224788 0.648839703377194 -250.145768478359 -371.07530916190365
1 x 64 0.5501192238077056 0.6484652046147296 -250.145768478359 -194.5528296646569
1 x 65 0.548353692571705 0.6464213303599776 -250.145768478359 -329.70270082437736
1 x 66 0.5404167666931766 0.6376666864567022 -250.145768478359 -170.41741840166586
1 x 67 0.5551898681267408 0.6541611461949232 -250.145768478359 -706.5720247354617
1 x 68 0.5456749383359427 0.6436396376223771 -250.145768478359 -314.14858695841207
1 x 69 0.545187766561731 0.6432040943628142 -250.145768478359 -162.9184783246465
1 x 70 0.5465769952497358 0.6447237276909631 -250.145768478359 -233.22856818089795
1 x 71 0.5342505091617936 0.631247939259343 -250.145768478359 -120.57599199248955
1 x 72 0.5545234784399499 0.6532480481338865 -250.145768478359 -200.44067748916393
1 x 73 0.542351238444367 0.639905902761003 -250.145768478359 -451.5014239605778
1 x 74 0.5492635111365899 0.6474641884586567 -250.145768478359 -306.19674284213164
1 x 75 0.5448314681262967 0.6426475342121429 -250.145768478359 -209.07024924853823
1 x 76 0.5472386329643261 0.6455007591992431 -250.145768478359 -333.0059023116156
1 x 77 0.5479954276111332 0.6459200551370179 -250.145768478359 -314.17409342050695
1 x 78 0.5489299522607236 0.6470105215813556 -250.145768478359 -208.91169767776984
1 x 79 0.5528161011459591 0.6511676242205704 -250.145768478359 -127.36800298257566
1 x 80 0.5482358891137392 0.6462953999508113 -250.145768478359 -146.99231532925444
1 x 81 0.5515930840245518 0.6498412993953298 -250.145768478359 -260.73264764262706
1 x 82 0.5485192106447491 0.6465857663713008 -250.145768478359 -323.1541188141691
1 x 83 0.5499200575912649 0.6480223759364828 -250.145768478359 -328.43954641107547
1 x 84 0.5470526980900228 0.6451621893167959 -250.145768478359 -246.49340951126464
1 x 85 0.5428760629631165 0.6403942748733266 -250.145768478359 -320.41051388315753
1 x 86 0.5445360459739306 0.6421210194694666 -250.145768478359 -239.90671015629823
1 x 87 0.546699978595671 0.6447341918434855 -250.145768478359 -251.95778679639636
1 x 88 0.5495737383483046 0.6479093240718137 -250.145768478359 -322.1327922625181
1 x 89 0.5450411682909712 0.6427667469886562 -250.145768478359 -202.86373823650618
1 x 90 0.5401710308404636 0.6373771334643047 -250.145768478359 -186.80212521032277
1 x 91 0.5493788564576461 0.647263436282954 -250.145768478359 -291.8862627977025
1 x 92 0.5550397641862009 0.6536872107860081 -250.145768478359 -294.50117221200856
1 x 93 0.5462939660725855 0.6441083703661676 -250.145768478359 -389.7919135915843
1 x 94 0.5517237841901883 0.6502898326599509 -250.145768478359 -629.3970472520934
1 x 95 0.5411409709885886 0.6382429148336514 -250.145768478359 -171.57249553825247
1 x 96 0.5513173225424429 0.6498894131212793 -250.145768478359 -208.60483183260868
1 x 97 0.54396049068542 0.6416295530206227 -250.145768478359 -407.92482933362163
1 x 98 0.5361454465482912 0.6332896515596799 -250.145768478359 -244.5288325908103
1 x 99 0.555479932962372 0.6544122709137983 -250.145768478359 -424.4130221055564
1 x 100 0.5565799934588637 0.6555560247333776 -250.145768478359 -303.9465884691655
1 x 101 0.5487735932862986 0.6469429387451879 -250.145768478359 -199.3109863874833
1 x 102 0.5472218528766077 0.6453346985711066 -250.145768478359 -398.4056032142765
1 x 103 0.5480839934698943 0.6463911531099649 -250.145768478359 -229.086486738995
1 x 104 0.5479926818511901 0.6462097264396682 -250.145768478359 -111.65730823763296
1 x 105 0.5448958004624969 0.6427619754906697 -250.145768478359 -290.4932080100049
1 x 106 0.540389891813282 0.6376959014265502 -250.145768478359 -266.85182314985326
1 x 107 0.5466006841617546 0.6444765089911394 -250.145768478359 -376.71626042842587
1 x 108 0.540565374975634 0.6378754913355874 -250.145768478359 -407.67786666810105
1 x 109 0.5478268386277186 0.6460325946396974 -250.145768478359 -244.9682472564461
1 x 110 0.5519776342792536 0.6506354264720763 -250.145768478359 -226.96916689071838
1 x 111 0.548919244731387 0.6473108067690087 -250.145768478359 -217.29218827867675
1 x 112 0.5520717909947904 0.6505390475876552 -250.145768478359 -396.55604806799994
1 x 113 0.5461763243381014 0.6441873796904499 -250.145768478359 -264.81544577694035
1 x 114 0.5497047500276678 0.6476748412261822 -250.145768478359 -131.20507693450068
1 x 115 0.5560804024329515 0.6550467923721882 -250.145768478359 -150.5398347331683
1 x 116 0.556907560644091 0.6559761916401534 -250.145768478359 -297.5598755164357
1 x 117 0.5434052352378639 0.6411421838710063 -250.145768478359 -191.22311462809824
1 x 118 0.552674038364952 0.6511510921106735 -250.145768478359 -231.6027077687519
1 x 119 0.5519367726920821 0.6502754595345728 -250.145768478359 -212.85136026059607
1 x 120 0.5491945509101919 0.6473812771843884 -250.145768478359 -427.89802778059305
1 x 121 0.5486959897228061 0.64679569194052 -250.145768478359 -351.6595044295646
1 x 122 0.5547565345430905 0.6533915545718567 -250.145768478359 -249.96926444338166
1 x 123 0.5458940853708942 0.6435999646228198 -250.145768478359 -283.94027391039833
1 x 124 0.5509360497003685 0.6492052738260774 -250.145768478359 -267.943534833197
1 x 125 0.5448629287309079 0.6424932521654843 -250.145768478359 -528.5474872171964
1 x 126 0.5519510148296627 0.6505695143729374 -250.145768478359 -127.47276881963123
1 x 127 0.5576792190302523 0.6567988678872921 -250.145768478359 -336.48958738031695
1 x 128 0.5456935550670626 0.6437940843447435 -250.145768478359 -228.55022217986064
1 x 129 0.5465430869793094 0.6443191644102851 -250.145768478359 -263.537879473694
1 x 130 0.5483956276010944 0.6464466817078456 -250.145768478359 -242.99889934508622
1 x 131 0.5388068710649909 0.635971832808326 -250.145768478359 -590.5235846456973
1 x 132 0.545662623514862 0.6438775870957917 -250.145768478359 -365.37019247324594
1 x 133 0.5539458793745922 0.6528919227608144 -250.145768478359 -228.53700062604784
1 x 134 0.5573260553814271 0.6561971553041256 -250.145768478359 -336.76535000805376
1 x 135 0.5525475558103344 0.6509005556514662 -250.145768478359 -126.33511733811268
1 x 136 0.551723423896786 0.6501498856703852 -250.145768478359 -215.56539566748066
1 x 137 0.551970320274273 0.6503888449831798 -250.145768478359 -247.43915213598228
1 x 138 0.5580885939748899 0.6571432744141839 -250.145768478359 -271.7978379864228
1 x 139 0.5454868873583008 0.6432110593679634 -250.145768478359 -254.13094730045546
1 x 140 0.5422579941040814 0.6398297744404164 -250.145768478359 -270.76983379019
1 x 141 0.5555315858444605 0.6544716372884899 -250.145768478359 -217.49531563107254
1 x 142 0.5445430963271256 0.6420882047052597 -250.145768478359 -278.9101503541917
1 x 143 0.5544904718435002 0.6533966775763613 -250.145768478359 -159.50374657194632
1 x 144 0.5554040764481166 0.654153709991434 -250.145768478359 -178.23838010384185
1 x 145 0.5449362340538839 0.6429205103292884 -250.145768478359 -298.46969053716157
1 x 146 0.5474007106564893 0.6456199153657126 -250.145768478359 -189.3251559002261
1 x 147 0.5486080019301057 0.6468773508424892 -250.145768478359 -278.22212470276685
1 x 148 0.5547603414146172 0.653538670873487 -250.145768478359 -208.6661241116384
1 x 149 0.5500974536729554 0.6483287905824102 -250.145768478359 -328.100224497329
1 x 150 0.5481264489457944 0.6464437233646942 -250.145768478359 -379.5357644349553
1 x 151 0.5396866630694077 0.6370336681153612 -250.145768478359 -271.0047469943968
1 x 152 0.5462449172040338 0.6439219921810135 -250.145768478359 -165.4883489329875
1 x 153 0.544840907503154 0.6426351703373313 -250.145768478359 -245.67113651139567
1 x 154 0.5501084433749348 0.6486680380173462 -250.145768478359 -326.1027616028346
1 x 155 0.5579903080919237 0.6570726321573909 -250.145768478359 -398.447596636286
1 x 156 0.548624921251569 0.6469031894671161 -250.145768478359 -319.5328182177349
1 x 157 0.5468455617575798 0.6449938986930167 -250.145768478359 -148.57202047868392
1 x 158 0.5477697430599598 0.6460966028817664 -250.145768478359 -184.98843784384655
1 x 159 0.544135009225769 0.6417843054982352 -250.145768478359 -348.2380201975106
1 x 160 0.5482444647567146 0.646473105475235 -250.145768478359 -92.40659485094588
1 x 161 0.5508287399098986 0.6492553895915657 -250.145768478359 -365.9849196602281
1 x 162 0.5489495012492067 0.6471993579477857 -250.145768478359 -208.66403315149043
1 x 163 0.5515128313739424 0.6498992662795783 -250.145768478359 -163.9522877700412
1 x 164 0.5504506663717389 0.6485100353139576 -250.145768478359 -215.23448165139789
1 x 165 0.548202264373185 0.64638858321449 -250.145768478359 -170.13421834747788
1 x 166 0.5483161386616234 0.6463345280561058 -250.145768478359 -331.24228834290017
1 x 167 0.5494243787150473 0.6479918200082406 -250.145768478359 -139.64977153494874
1 x 168 0.5463350921445981 0.6441374598772918 -250.145768478359 -172.00708079354618
1 x 169 0.5432694916658887 0.6411127720003618 -250.145768478359 -206.31576487937258
1 x 170 0.5477610645512452 0.6456915233785566 -250.145768478359 -348.60620832169906
1 x 171 0.5582303979914025 0.657135027728891 -250.145768478359 -285.4974825659889
1 x 172 0.5471902857721977 0.6452083213901494 -250.145768478359 -299.8469781636464
1 x 173 0.5462957172977352 0.6441603879764212 -250.145768478359 -200.71372359842292
1 x 174 0.5475316489653016 0.6455805308636743 -250.145768478359 -250.1728133194824
1 x 175 0.5442157789414233 0.6422061997802646 -250.145768478359 -151.47340386163842
1 x 176 0.5454766271587393 0.6434470036353669 -250.145768478359 -224.4075137900514
1 x 177 0.5413202229399088 0.6386961565706606 -250.145768478359 -123.56098192949236
1 x 178 0.5439586569642142 0.641545232356397 -250.145768478359 -98.707391664781
1 x 179 0.5408046330731091 0.6385891898755618 -250.145768478359 -219.0835262833436
1 x 180 0.544458528331453 0.6422884204549253 -250.145768478359 -269.37272612120177
1 x 181 0.5529481895425418 0.6515171226121074 -250.145768478359 -213.424802376549
1 x 182 0.5486483720249956 0.6468226839963479 -250.145768478359 -80.39751090920012
1 x 183 0.5450812240816154 0.6430008488194373 -250.145768478359 -293.33471091223385
1 x 184 0.5477944719159502 0.646112423474192 -250.145768478359 -274.19057796090914
1 x 185 0.5452911724783814 0.643127032887535 -250.145768478359 -201.37461273850607
1 x 186 0.5447399036221082 0.6425910479386926 -250.145768478359 -152.71354334896165
1 x 187 0.5513109724053095 0.6497208936149927 -250.145768478359 -230.43704239443633
1 x 188 0.5525154033989896 0.651126501495682 -250.145768478359 -272.78210739816427
1 x 189 0.559209428641538 0.6582152303274041 -250.145768478359 -236.82131401541938
1 x 190 0.5439195743014652 0.6413704258499681 -250.145768478359 -186.22681750195028
1 x 191 0.5524973855727218 0.6511197611058787 -250.145768478359 -232.54466939830638
1 x 192 0.5492170399555842 0.6475192387664783 -250.145768478359 -173.44323934780212
1 x 193 0.5434720336149714 0.6410465593362685 -250.145768478359 -177.52237363278596
1 x 194 0.5512357383274188 0.6498189723822557 -250.145768478359 -228.79577632267996
1 x 195 0.5419420124253912 0.6395351206535985 -250.145768478359 -193.7572922857483
1 x 196 0.5449312878859893 0.6429992441301582 -250.145768478359 -458.639006395732
1 x 197 0.5418740675728457 0.6392804805012844 -250.145768478359 -136.989029630027
1 x 198 0.5456925842507111 0.6435920796444613 -250.145768478359 -163.31866131612531
1 x 199 0.5585947977544702 0.6577314395084196 -250.145768478359 -214.84337818304044
1 x 200 0.5526270230260191 0.6515769406324046 -250.145768478359 -495.0249149025056
1 x 201 0.5508025507366877 0.6493705679604515 -250.145768478359 -155.62817159549496
1 x 202 0.5453758174570335 0.6433788286300519 -250.145768478359 -224.03340056154676
1 x 203 0.5479479029031654 0.6459021745883835 -250.145768478359 -302.6765148544263
1 x 204 0.5491744795320268 0.6474647304568963 -250.145768478359 -133.5020896120641
1 x 205 0.5491822006131637 0.6474206818571976 -250.145768478359 -236.0218801049301
1 x 206 0.5401293151824044 0.6376720671035697 -250.145768478359 -328.22956399501805
1 x 207 0.5535426994338488 0.6521750621409037 -250.145768478359 -308.6324702870247
1 x 208 0.5496352595529351 0.6478088075356933 -250.145768478359 -256.31551364588586
1 x 209 0.5486675377067661 0.6469440299047029 -250.145768478359 -307.0145911422888
1 x 210 0.5454875273916407 0.6434852288364773 -250.145768478359 -325.33753832242365
1 x 211 0.5422878877608737 0.639768215686431 -250.145768478359 -238.81156650991912
1 x 212 0.5465643141720368 0.6444006769926734 -250.145768478359 -292.7414603365564
1 x 213 0.5382423825543807 0.6354554872457374 -250.145768478359 -274.4387854050519
1 x 214 0.5503303099623379 0.6485963580617947 -250.145768478359 -316.25562114833167
1 x 215 0.5453688666921175 0.6431887339260952 -250.145768478359 -142.24793849712773
1 x 216 0.5482141646187078 0.6466465415387856 -250.145768478359 -211.90382203698363
1 x 217 0.5535647102456497 0.6522969657526819 -250.145768478359 -257.0262389643862
1 x 218 0.5527834184919425 0.6514799403897021 -250.145768478359 -238.48273855449884
1 x 219 0.5488907427578062 0.6470500615210265 -250.145768478359 -262.6037822299804
1 x 220 0.5501563945138993 0.6487016624711167 -250.145768478359 -312.155833887185
1 x 221 0.5435342829636439 0.6412379338132688 -250.145768478359 -217.0804950701879
1 x 222 0.5468212655571387 0.6445923357858163 -250.145768478359 -383.33365854056814
1 x 223 0.548982286259799 0.6475998569332498 -250.145768478359 -98.4235507946685
1 x 224 0.5486522670789816 0.6469397247951386 -250.145768478359 -158.37698285809978
1 x 225 0.5535243477234183 0.6520597626715479 -250.145768478359 -532.2956974862623
1 x 226 0.5449823208740662 0.6425432943850109 -250.145768478359 -296.04156270156045
1 x 227 0.5472692608122395 0.6454129813265689 -250.145768478359 -307.6869319918499
1 x 228 0.5486094697352656 0.6468883176804081 -250.145768478359 -203.32130943044228
1 x 229 0.5519060284034338 0.650209982366688 -250.145768478359 -292.4267533008918
1 x 230 0.5454137752809934 0.643265888628257 -250.145768478359 -332.3440125214781
1 x 231 0.5400054524697205 0.6374727547946101 -250.145768478359 -144.998169882847
1 x 232 0.5425454055352525 0.6404802275474402 -250.145768478359 -294.1429080459157
1 x 233 0.5518661265925109 0.650319943570257 -250.145768478359 -404.3376414343203
1 x 234 0.550475362270732 0.6486209119125227 -250.145768478359 -246.3157590325978
1 x 235 0.547730162389167 0.6458597835394162 -250.145768478359 -305.36587196168364
1 x 236 0.5504757267439362 0.6488206571918574 -250.145768478359 -316.3877286398674
1 x 237 0.5442320437441842 0.6422876210821113 -250.145768478359 -193.03869393348987
1 x 238 0.5492663768239403 0.6475185112596207 -250.145768478359 -202.5539121028732
1 x 239 0.5419588284158661 0.639158670560579 -250.145768478359 -290.7828447431467
1 x 240 0.5494111972326671 0.6477712205399312 -250.145768478359 -183.50114948998385
1 x 241 0.5485794102187806 0.6467738634279662 -250.145768478359 -167.8422629728035
1 x 242 0.547310416719143 0.6454786857925248 -250.145768478359 -136.68575271467378
1 x 243 0.5528698008784585 0.6519432404253387 -250.145768478359 -290.40913130046704
1 x 244 0.552951940029629 0.6514159813964545 -250.145768478359 -434.8642259823318
1 x 245 0.550002519997964 0.6481775301061405 -250.145768478359 -178.3493482758333
1 x 246 0.5508721672121175 0.6491943133983298 -250.145768478359 -169.47003215240176
1 x 247 0.5513943815686803 0.6501729287424546 -250.145768478359 -176.4745256181524
1 x 248 0.5457665480584132 0.6436193455737277 -250.145768478359 -297.8430885441198
1 x 249 0.5395910684779641 0.6369339125336 -250.145768478359 -335.4257170575512
1 x 250 0.5453703273799232 0.6434943797406887 -250.145768478359 -179.1043165178795
1 x 251 0.5521103369845508 0.6506374792744314 -250.145768478359 -427.0376595269061
1 x 252 0.5428146787593214 0.6403468893041967 -250.145768478359 -359.98930058411395
1 x 253 0.5448021587311356 0.642095677265814 -250.145768478359 -173.0234950947099
1 x 254 0.5374344746247112 0.6344933951969496 -250.145768478359 -284.84862398565065
1 x 255 0.5514699034906088 0.6501751491246995 -250.145768478359 -267.42686445186007
1 x 256 0.5394792755388449 0.6367035681584263 -250.145768478359 -359.3647153000985
1 x 257 0.552004455065429 0.6503698599853628 -250.145768478359 -502.8618877761828
1 x 258 0.5519063088028876 0.6507683353833009 -250.145768478359 -259.02237728392953
1 x 259 0.543097598921678 0.6407050244636315 -250.145768478359 -171.89303388307525
1 x 260 0.5410720946086592 0.6383773156371437 -250.145768478359 -170.2390461535125
1 x 261 0.5463207357911118 0.6442476944060713 -250.145768478359 -162.81650263961387
1 x 262 0.5426935290770594 0.6400688828352358 -250.145768478359 -236.15393696218854
1 x 263 0.5551382143303557 0.6536535920249444 -250.145768478359 -401.3295636770557
1 x 264 0.5568835412457227 0.6556704284158427 -250.145768478359 -136.63397965504174
1 x 265 0.5398265160302662 0.6371231730970333 -250.145768478359 -412.4688013039772
1 x 266 0.5457766663818057 0.6433957796770577 -250.145768478359 -76.80140138789866
1 x 267 0.5546036337532604 0.6536797512796099 -250.145768478359 -392.2668188523677
1 x 268 0.5514435589355237 0.6497261961896894 -250.145768478359 -279.90931778849534
1 x 269 0.5527708590903817 0.6513714556857096 -250.145768478359 -416.0315214077635
1 x 270 0.5439909845808915 0.6417508629451674 -250.145768478359 -150.0869745820267
1 x 271 0.5551164726326775 0.6537562282463348 -250.145768478359 -301.7957244858614
1 x 272 0.5497795185460014 0.6480158936023122 -250.145768478359 -199.99076967362586
1 x 273 0.5428979674072114 0.6408523836763859 -250.145768478359 -338.2858780469424
1 x 274 0.5540202133843138 0.652802614093752 -250.145768478359 -163.45513758644262
1 x 275 0.5462821377866285 0.6442293611573865 -250.145768478359 -99.66828461034353
1 x 276 0.5442527825070154 0.6421707904235894 -250.145768478359 -194.2839137138733
1 x 277 0.5463649826647928 0.6443830016928301 -250.145768478359 -187.68919772617022
1 x 278 0.5481002250320532 0.6460620090713048 -250.145768478359 -131.77103401776642
1 x 279 0.5542774782306888 0.6529129893914003 -250.145768478359 -264.41035272031513
1 x 280 0.5528630028094609 0.6515627751339151 -250.145768478359 -333.07558779319885
1 x 281 0.5456111573876791 0.6435167834029575 -250.145768478359 -177.20245147864466
1 x 282 0.5543388101947144 0.6529072526438425 -250.145768478359 -347.8196169442281
1 x 283 0.5377459984135378 0.6351141035040739 -250.145768478359 -75.97288467861527
1 x 284 0.5517168966544964 0.6503437438186771 -250.145768478359 -254.31627208308788
1 x 285 0.5502714527235484 0.6487540347086626 -250.145768478359 -521.8396459007089
1 x 286 0.5506394436166495 0.6490769192926822 -250.145768478359 -282.98260634822395
1 x 287 0.5509391218955817 0.6491225756043891 -250.145768478359 -381.8460926059925
1 x 288 0.5447563987518502 0.6422977070315178 -250.145768478359 -282.4510636623735
1 x 289 0.5547031150741635 0.6533336568267732 -250.145768478359 -306.69490287642026
1 x 290 0.5491570436015807 0.647074661276777 -250.145768478359 -164.54855190125784
1 x 291 0.5508066942460064 0.6491003219566464 -250.145768478359 -300.8555052385228
1 x 292 0.5469319647197048 0.6449264676660185 -250.145768478359 -283.8266618508534
1 x 293 0.5484779534468376 0.6467203811520004 -250.145768478359 -142.93264252858768
1 x 294 0.557330545731884 0.6564814288337988 -250.145768478359 -306.94700282626906
1 x 295 0.5410371968481139 0.6385832897724809 -250.145768478359 -235.05098586739774
1 x 296 0.5508306193535675 0.6489468118470413 -250.145768478359 -400.5418619033551
1 x 297 0.5417284087544697 0.6394032601278018 -250.145768478359 -300.5215052223763
1 x 298 0.5459043726291511 0.6438070645603602 -250.145768478359 -308.3805005199719
1 x 299 0.5420878525679556 0.6398400710026722 -250.145768478359 -326.0635217006251
1 x 300 0.5497683326787162 0.6478159634967728 -250.145768478359 -344.48990717620427
1 x 301 0.5453179980505157 0.643104804891361 -250.145768478359 -83.27258859469336
1 x 302 0.5474275648496889 0.645457339251724 -250.145768478359 -285.78500721233377
1 x 303 0.5589210940990265 0.6579114198164612 -250.145768478359 -210.36965453184342
1 x 304 0.5468275410223327 0.6446034802938618 -250.145768478359 -262.74256922933444
1 x 305 0.5469758931274509 0.645011174450566 -250.145768478359 -241.07916708374287
1 x 306 0.5386359873640498 0.6360546226808107 -250.145768478359 -149.89649475297634
1 x 307 0.5483194563228684 0.6462281506421772 -250.145768478359 -182.24866004741932
1 x 308 0.5557912280821211 0.6545787367220879 -250.145768478359 -458.0503064937628
1 x 309 0.549097034080506 0.6472097726393228 -250.145768478359 -304.2608007739067
1 x 310 0.54726314197307 0.6452918700466103 -250.145768478359 -360.62269138745097
1 x 311 0.5542474985019102 0.6530415221246575 -250.145768478359 -217.8745932345836
1 x 312 0.5539638304236517 0.6524517570361816 -250.145768478359 -366.3228529824495
1 x 313 0.5486140977998649 0.6470357254421559 -250.145768478359 -248.28022077103856
1 x 314 0.5511592696538583 0.6494548795828687 -250.145768478359 -150.70344628125474
1 x 315 0.5524999028069514 0.6507834975859332 -250.145768478359 -212.49839651997107
1 x 316 0.5472491679041059 0.6453959750411175 -250.145768478359 -279.67855031574817
1 x 317 0.5525445342464818 0.6511441965017142 -250.145768478359 -122.98589060213641
1 x 318 0.5543224560443215 0.653204311792828 -250.145768478359 -249.0350411281706
1 x 319 0.5444399104086536 0.6423363405717132 -250.145768478359 -326.15667958055076
1 x 320 0.5494745078030592 0.6477993267277931 -250.145768478359 -351.86920619551313
1 x 321 0.5517061931193592 0.6500773705590908 -250.145768478359 -233.25638856049432
1 x 322 0.5516818442508463 0.65029051586261 -250.145768478359 -340.5675206341834
1 x 323 0.552523152031974 0.6511545572586734 -250.145768478359 -243.75968441727053
1 x 324 0.546897286745252 0.6448695245356852 -250.145768478359 -265.47451653151285
1 x 325 0.5497700009622842 0.6477523052467345 -250.145768478359 -156.30176684294693
1 x 326 0.5512393108245057 0.64943127877714 -250.145768478359 -339.63628607858203
1 x 327 0.548168570821261 0.6464802725609721 -250.145768478359 -224.957856113354
1 x 328 0.5464298637410399 0.6445498035888972 -250.145768478359 -212.21126908103287
1 x 329 0.5494664489079185 0.6475645146810833 -250.145768478359 -237.19004649564226
1 x 330 0.5451230552271453 0.6432603998547853 -250.145768478359 -153.52679563860616
1 x 331 0.5543237233121082 0.6529121737062918 -250.145768478359 -268.56341073278713
1 x 332 0.5438458767915161 0.6414614050989208 -250.145768478359 -288.2740164091682
1 x 333 0.5444144683862578 0.6422937083006433 -250.145768478359 -74.79931686331193
1 x 334 0.5464608437795867 0.6446090308670391 -250.145768478359 -389.12928616257085
1 x 335 0.5451578734185116 0.6430906250279755 -250.145768478359 -332.7208540995411
1 x 336 0.5434651453519752 0.6412160127210678 -250.145768478359 -268.3662008597791
1 x 337 0.5417146070691412 0.6392709667264609 -250.145768478359 -238.03129722544043
1 x 338 0.5557576237075391 0.6545164034769119 -250.145768478359 -221.8518887440332
1 x 339 0.5540802654693933 0.652477636535123 -250.145768478359 -229.03948458170467
1 x 340 0.5500186900319989 0.6484704822838636 -250.145768478359 -291.0101331434621
1 x 341 0.5457604066782787 0.6433509219131196 -250.145768478359 -349.97868572795306
1 x 342 0.5551509872219955 0.6537470096021121 -250.145768478359 -363.8619269197032
1 x 343 0.5486758074231937 0.6470627576320571 -250.145768478359 -406.7796775954639
1 x 344 0.5457020779252186 0.6438110573456765 -250.145768478359 -199.2508980453427
1 x 345 0.5421625683868904 0.6395662668222086 -250.145768478359 -182.4706294915994
1 x 346 0.5488736302296875 0.6470505868982948 -250.145768478359 -179.98106461340996
1 x 347 0.5506344072274597 0.6488376110001416 -250.145768478359 -309.9404253495703
1 x 348 0.546958333644246 0.6450241319975025 -250.145768478359 -157.32625952671157
1 x 349 0.5509867158298294 0.6495015443141594 -250.145768478359 -313.10648644070704
1 x 350 0.5404863671918241 0.6380282500863617 -250.145768478359 -128.74665316050366
1 x 351 0.5471074556873434 0.6448925629271678 -250.145768478359 -137.31556344790872
1 x 352 0.54980996534591 0.6479855914782668 -250.145768478359 -249.4935723845365
1 x 353 0.551535432792115 0.6500955530006489 -250.145768478359 -249.2068699880025
1 x 354 0.5448347855637117 0.6427463618661988 -250.145768478359 -237.5776184304941
1 x 355 0.5451293980739661 0.643092766519856 -250.145768478359 -403.5132606228546
1 x 356 0.5491647841869206 0.6473918800512495 -250.145768478359 -409.31754671778407
1 x 357 0.5523848083350633 0.650854012577125 -250.145768478359 -396.0939746252253
1 x 358 0.5574804358329123 0.6566039083188648 -250.145768478359 -431.9388684432482
1 x 359 0.5490323592718621 0.6474038281986662 -250.145768478359 -361.4710463761363
1 x 360 0.5404748528722105 0.6382397665440218 -250.145768478359 -192.67427470065354
1 x 361 0.5481174640234346 0.6461863414806782 -250.145768478359 -344.64960282256413
1 x 362 0.5529677843642349 0.6516437250681127 -250.145768478359 -112.85080190819048
1 x 363 0.5473359709103224 0.6456333592488801 -250.145768478359 -199.83302777049585
1 x 364 0.5508570362295542 0.6494340300102455 -250.145768478359 -117.36566706982985
1 x 365 0.5431778046835558 0.6409365822800784 -250.145768478359 -164.1004768569297
1 x 366 0.5577944454753079 0.6568058964727138 -250.145768478359 -108.08933611475197
1 x 367 0.5482691305653536 0.6465266059320272 -250.145768478359 -249.04220858922247
1 x 368 0.5522724677785047 0.6508231790918684 -250.145768478359 -208.63254744270736
1 x 369 0.546084433307902 0.6439522916596614 -250.145768478359 -183.47683700636762
1 x 370 0.5433232781336008 0.6411894086627534 -250.145768478359 -129.97516803380978
1 x 371 0.5509758694297254 0.6492576218713061 -250.145768478359 -134.54609484355234
1 x 372 0.5509432602310687 0.6490464378153584 -250.145768478359 -411.66835519166113
1 x 373 0.5450348576126784 0.64284208986838 -250.145768478359 -248.93640237324968
1 x 374 0.5555627185521035 0.6543385842528995 -250.145768478359 -286.65038329062014
1 x 375 0.5453410237759982 0.643242979560124 -250.145768478359 -137.9740665923042
1 x 376 0.5442490617776515 0.6417778268174343 -250.145768478359 -367.14890129242633
1 x 377 0.5582818513853299 0.6572839921329935 -250.145768478359 -113.13334086977574
1 x 378 0.5425160547934065 0.6402728176684976 -250.145768478359 -272.98607023894476
1 x 379 0.5497323167825867 0.6480020044711501 -250.145768478359 -224.53836845233565
1 x 380 0.5458254482908365 0.6436240385855129 -250.145768478359 -433.5717204482223
1 x 381 0.5494876926274432 0.647900453186162 -250.145768478359 -250.73256148141567
1 x 382 0.5461060592361123 0.643913380307971 -250.145768478359 -251.00901907402084
1 x 383 0.5473325947672978 0.6453374657578583 -250.145768478359 -205.80756521979214
1 x 384 0.5459848903859467 0.6441685492539283 -250.145768478359 -234.00204485709804
1 x 385 0.5536005874497779 0.6521762731493722 -250.145768478359 -387.53403368459715
1 x 386 0.5553802843247294 0.6539815089767264 -250.145768478359 -168.6127136507803
1 x 387 0.5468322527105479 0.645005472920007 -250.145768478359 -202.4933714718132
1 x 388 0.543686718591506 0.6413950021776138 -250.145768478359 -206.57902499940747
1 x 389 0.5519040392241356 0.6506512381541361 -250.145768478359 -326.25310190208006
1 x 390 0.551545788087759 0.6500549052107982 -250.145768478359 -219.53337046013468
1 x 391 0.5453746663301586 0.6433067949173024 -250.145768478359 -255.45062056392783
1 x 392 0.5519891125304619 0.6506630055505562 -250.145768478359 -222.4151539532486
1 x 393 0.5434559746565661 0.6411187295621614 -250.145768478359 -275.8281730102213
1 x 394 0.545388101910853 0.6432870701811221 -250.145768478359 -164.3607572307701
1 x 395 0.5520546520801701 0.6505802841790769 -250.145768478359 -225.53622844890606
1 x 396 0.555360178406767 0.6542665331404061 -250.145768478359 -400.05341878306996
1 x 397 0.5515245677055117 0.6504042905978609 -250.145768478359 -290.44820569720224
1 x 398 0.5470246885168847 0.6450611321074982 -250.145768478359 -199.6008733071365
