7.0 x 0 0.5377838964067219 0.6349254079475675 -71.47021956524543 -26.30396036036168
7.0 x 0 0.5377838964067219 0.6349254079475675 -71.47021956524543 -26.30396036036168
7.0 x 1 0.5521417532299063 0.6505864202488267 -71.47021956524543 -2.934825950715556
7.0 1 2 0.545576865539843 0.643470025726956 -66.87487975573556 4.544540064264353
7.0 2 3 0.5442799275925793 0.6420516986619207 -50.72251451265025 15.831352517092142
7.0 x 4 0.5426115777782429 0.6399770824712562 -50.72251451265025 -31.297310232161294
7.0 3 5 0.5397759950423943 0.6368417633031559 -49.29915197983233 1.4151601217365481
7.0 4 6 0.536791214139134 0.6337186858950647 -44.4567269004029 4.714891289517944
7.0 5 7 0.5268041479198621 0.6224254270817876 -40.33389580780365 4.031753215729047
7.0 6 8 0.5270623590829975 0.6226276300915544 -37.11508122264708 3.053716660637356
7.0 7 9 0.5210762084100347 0.6161821293553902 -33.02099247630183 3.7342983988522036
7.0 8 10 0.5206150794559277 0.6156599535572811 -33.30768088453913 -0.21701585860025574
7.0 x 11 0.5272517305495844 0.6231042349386594 -33.30768088453913 -5.312423386351284
7.0 9 12 0.5119649146340376 0.6058133854979602 -33.210206722701805 0.21528549176160539
7.0 x 13 0.516267360557598 0.6105279413207013 -33.210206722701805 -1.2726984054491268
7.0 10 14 0.51842054183693 0.6126054169412205 -33.3676393038645 -0.23757791946736262
7.0 x 15 0.528220952403961 0.6235783827471572 -33.3676393038645 -4.507959336292124
7.0 x 16 0.515923357722065 0.6099508050733016 -33.3676393038645 -0.6016490872574352
7.0 11 17 0.5073450682386783 0.6003391048197343 -34.01640923428541 -0.43955751004917687
7.0 x 18 0.5065534562476564 0.5994030081961047 -34.01640923428541 -2.0682974245738706
7.0 12 19 0.504261111990644 0.596700609737114 -31.77330703212221 1.5765517576909645
7.0 13 20 0.49460055224496907 0.5858488291190977 -31.853317020022352 -0.20170472444711152
7.0 x 21 0.49030607420117434 0.5809081489173551 -31.853317020022352 -1.8737426113550057
7.0 14 22 0.49538958321182786 0.5865628075785416 -31.875234523126696 -0.021559310530225417
7.0 15 23 0.4980998421741107 0.5894293857235627 -31.04482712750832 1.0305863206181236
7.0 x 24 0.49794670227543175 0.5891489190477477 -31.04482712750832 -1.398333492366298
7.0 16 25 0.4970682097671106 0.588607025514227 -30.647629096131823 0.5800972984568133
7.0 17 26 0.496485392625308 0.588065301363529 -31.015537746941167 -0.5603180700087869
7.0 18 27 0.4914268663445617 0.5825445522517173 -30.30749888631824 0.8173988686557365
7.0 x 28 0.49940328845567483 0.5914270607138277 -30.30749888631824 -0.46872452182221735
7.0 19 29 0.4886423317276821 0.5794778724153772 -30.734026826598317 -0.02509303577121713
7.0 20 30 0.49574556023184546 0.5874348759330503 -30.54573117939989 -0.13940782804965934
7.0 x 31 0.48927001088712385 0.5799695972963154 -30.54573117939989 -0.9381845977388537
7.0 21 32 0.4996055716234806 0.5917034757602337 -31.109538150144285 -0.40382093652421247
7.0 x 33 0.5061755524173756 0.5991720639472984 -31.109538150144285 -2.4184626331951655
7.0 x 34 0.5048384092962596 0.597602692776786 -31.109538150144285 -0.8661023101183254
7.0 x 35 0.5044432889419395 0.5970112835106018 -31.109538150144285 -0.9637957196697542
7.0 22 36 0.5055149626476129 0.5981449527842108 -31.60230821298132 -0.818659052535498
7.0 23 37 0.5057472936642671 0.5981199233412122 -31.55641255161121 0.32920049224525627
7.0 24 38 0.506030769733952 0.5984872925172213 -31.564599646427318 -0.013969460997806493
7.0 25 39 0.5064752495170621 0.5989595318898144 -31.451650081952828 -0.03829360807696247
7.0 x 40 0.5057616116684811 0.5981588769333092 -31.451650081952828 -0.5718295808867602
7.0 x 41 0.5110979723808988 0.6041965787801202 -31.451650081952828 -1.148461733194523
7.0 26 42 0.501939820142696 0.593570271482104 -32.10841026967201 -0.9483265905616491
7.0 x 43 0.5014701258681727 0.5928664513665749 -32.10841026967201 -2.2699927534780713
7.0 27 44 0.5090745448044589 0.6015703517488565 -32.223899767110986 0.399923895457448
7.0 28 45 0.5131092125951147 0.6059374491509897 -32.01268093921322 0.014995141881939844
7.0 x 46 0.5207961214439613 0.6145790716130302 -32.01268093921322 -1.4019937845453398
7.0 29 47 0.5131091123157716 0.6059904681930645 -32.478519182102524 -0.7241297194904064
7.0 30 48 0.5082244890771505 0.6002911728706366 -31.59458379991568 1.1136329934246412
7.0 x 49 0.5082373074600717 0.6004880489442367 -31.59458379991568 -2.2853884931588944
7.0 31 50 0.5083676318831681 0.6000284653214507 -31.660518368427606 0.010066058267533151
7.0 x 51 0.5170891276245342 0.6099362360688265 -31.660518368427606 -1.3415720435948337
7.0 x 52 0.5131676609060062 0.605441402106232 -31.660518368427606 -1.2241490462812727
7.0 32 53 0.5013854272307391 0.5921430730168732 -31.298510098039092 0.4697870898654912
7.0 33 54 0.5058981761714916 0.5972211002500706 -32.48564431341763 -1.0658201557137055
7.0 x 55 0.5053144591469662 0.5961877245078414 -32.48564431341763 -1.9470986214013308
7.0 34 56 0.5022425396201504 0.5934567394477466 -31.605052456695308 0.8070797028624206
7.0 35 57 0.494704582758381 0.5852386342690004 -30.843976545564807 0.37716233657954135
7.0 36 58 0.49113986814285654 0.581148633837908 -30.49148176435164 0.38106113435848954
7.0 x 59 0.4841143799914764 0.5732525159939115 -30.49148176435164 -1.7463326628426366
7.0 37 60 0.48972818702010046 0.5796521578438708 -30.09043732075403 0.6742267583183867
7.0 38 61 0.4869337102269562 0.5761949460601938 -29.79371937004856 0.17713763402756655
7.0 39 62 0.4938631083683027 0.5843050159156276 -31.513827611765144 -2.0469894353598015
7.0 40 63 0.4957346102303377 0.5867008689300709 -30.68553500551494 1.0436769853957735
7.0 x 64 0.49713232064437185 0.588322519864032 -30.68553500551494 -0.726065716015178
7.0 41 65 0.49520699901565735 0.5860279799048963 -30.498797781872465 0.33640677793387397
7.0 42 66 0.48371702441809517 0.57300699668676 -29.764915812084503 0.5898465051181567
7.0 43 67 0.49241100936203275 0.5829931969982144 -33.18090391619228 -2.8048045696210764
7.0 x 68 0.488630478839223 0.5788523602613744 -33.18090391619228 -1.4727940905567465
7.0 44 69 0.48803931236194664 0.5781857086974753 -30.708832763985917 2.27989201973363
7.0 45 70 0.4859232599087016 0.5759282699408906 -30.311638173662455 0.3732689175630348
7.0 46 71 0.4668662497956719 0.5544842603152502 -28.1130790043746 1.9330371398834316
7.0 x 72 0.47426853096372584 0.5629164435479287 -28.1130790043746 -1.1782869989092397
7.0 47 73 0.45721056930764864 0.5433538842499066 -27.62343302576382 0.8576615983744986
7.0 48 74 0.45858574392057966 0.5449202988329476 -28.52624181409849 -0.7951854883720522
7.0 49 75 0.4529283602559647 0.5384100124278028 -27.313006932966914 1.1413703900034307
7.0 50 76 0.45062236304161557 0.5359153300152373 -28.317668770349997 -0.843606452559321
7.0 x 77 0.448058826562896 0.5328339868134324 -28.317668770349997 -1.0673103122466259
7.0 51 78 0.4506952779011272 0.5359087409232758 -27.504718992082754 0.7223063882052863
7.0 52 79 0.4556065734752333 0.5414498814432831 -26.949996452765987 0.20428254445916494
7.0 53 80 0.455251166487883 0.5409323676336663 -27.734252154135675 -1.044319619919726
7.0 x 81 0.4583199387997391 0.5442867229382373 -27.734252154135675 -0.15380756587356714
7.0 54 82 0.454366841989643 0.5398284727882341 -27.05965991114431 0.8316867323706845
7.0 55 83 0.4548630499787953 0.5402515205388583 -26.870382665657324 0.33126588183531425
7.0 56 84 0.4522286121326758 0.537311336444107 -26.625299109920032 0.23846250754008125
7.0 57 85 0.4433959206972345 0.5271131482154013 -25.918371950610045 0.8719038057783131
7.0 58 86 0.43650126413573903 0.5189965635883589 -25.182201997589875 0.7342833962029367
7.0 59 87 0.4333706039018326 0.5153441962419054 -24.875114032122763 0.30910801872664706
7.0 x 88 0.43401192836475283 0.5161723955622954 -24.875114032122763 -0.41238521067931444
7.0 60 89 0.42867722022797045 0.5098014015003026 -24.358424367810024 0.42009295238713307
7.0 61 90 0.4152786875821001 0.49404720073044783 -23.40626902377875 0.8387668989587134
7.0 62 91 0.41564176766348615 0.49427130937307384 -23.17825532308571 0.31888777716152106
7.0 63 92 0.42549334551589363 0.5056252496561532 -24.03034546000982 -0.788972743882038
7.0 64 93 0.4208701319000797 0.5001142297810337 -24.172350691728006 0.11845521724148966
7.0 x 94 0.4253850478083703 0.5053407357208346 -24.172350691728006 -8.337072377036442
7.0 65 95 0.40973952462589536 0.4869378822944446 -22.42945846133386 1.5941947966404868
7.0 66 96 0.4133552569510765 0.4913122983414097 -22.83961865073613 -0.5144664625004829
7.0 67 97 0.4062434473460946 0.4830065443776354 -22.529582730715656 0.61436407517904
7.0 68 98 0.38793068162870775 0.46143136010819213 -20.384772678317834 2.194473441911427
7.0 x 99 0.39902546610524486 0.47459789451148876 -20.384772678317834 -3.697496219973452
7.0 x 100 0.40025803103702556 0.4759811903338444 -20.384772678317834 -1.992065688098556
7.0 69 101 0.3878372542597571 0.46130402033002904 -20.103727455907897 0.1646315059625536
7.0 70 102 0.38608089267361406 0.4592400990147246 -21.005938637565094 -0.6289310043349978
7.0 71 103 0.3858246908058595 0.4590477800911733 -20.666723885802945 0.29374757040754673
7.0 72 104 0.3847805038059324 0.4577940479226246 -19.893237678721828 0.3978785450501867
7.0 73 105 0.3787179527222414 0.45055060588727014 -19.098169735331094 0.8925454272008224
7.0 74 106 0.36522859073180547 0.4342116964680379 -17.551310037227687 1.6245924565459084
7.0 75 107 0.3598454700646508 0.4277733954880667 -17.199236207418664 0.5916720251491512
7.0 76 108 0.3452291430849744 0.40972434801148716 -17.072406842562025 0.44369038535015193
7.0 77 109 0.34445571752266035 0.4087294710363822 -16.865375818905097 0.21170444743794192
7.0 x 110 0.35145693312638393 0.4172878865038969 -16.865375818905097 -0.6569352437519136
7.0 78 111 0.3457308046468331 0.4103231254125271 -16.415230712623387 0.3725712244730204
7.0 x 112 0.35077020480473425 0.4164325076898627 -16.415230712623387 -3.848780235645748
7.0 79 113 0.34191547444498416 0.40557169490949374 -16.11997994754893 0.33281871853338885
7.0 80 114 0.34240457223811344 0.4063030337377753 -14.787524179588242 1.0107470214060967
7.0 x 115 0.35423177347830714 0.42102306256150607 -14.787524179588242 -2.114124058924471
7.0 x 116 0.35681254153863856 0.4241417286451624 -14.787524179588242 -2.0061571575287047
7.0 81 117 0.335659908145412 0.3980419941109726 -14.0893245073619 0.5962242390220478
7.0 82 118 0.34062085250342683 0.4043692076450196 -14.797471276132468 -0.7772676323601075
7.0 x 119 0.34498410098859655 0.40978171237579275 -14.797471276132468 -0.910633112834212
7.0 83 120 0.34042716723256816 0.40405362776146786 -14.796222878187324 0.31448345052740123
7.0 x 121 0.340008705352777 0.4035928842668857 -14.796222878187324 -0.8917173237106244
7.0 x 122 0.3471286369510777 0.4123232594517665 -14.796222878187324 -0.900915428422632
7.0 84 123 0.33530787646516763 0.39777963823486995 -14.371576026703655 0.5139571494959547
7.0 x 124 0.33941637003976305 0.4027910549490143 -14.371576026703655 -0.7735988047952098
7.0 x 125 0.327355483032787 0.3877980640031178 -14.371576026703655 -3.0994450945428813
7.0 x 126 0.34159638774548384 0.4057009855075179 -14.371576026703655 -0.7556975050497421
7.0 x 127 0.3496509279487066 0.4156539326109658 -14.371576026703655 -3.291042569727635
7.0 85 128 0.3318484840255778 0.39334753934907934 -13.707792412855342 0.639860917400906
7.0 86 129 0.32819272911798764 0.3889712825598515 -13.298823576410163 0.4437209823914934
7.0 87 130 0.3288554368264395 0.38995236173782616 -13.348814656362324 -0.0600516338211996
7.0 x 131 0.31495028701594735 0.3718846502280677 -13.348814656362324 -2.6466505819291886
7.0 x 132 0.32603443638996893 0.38625738291898865 -13.348814656362324 -0.7934028342932358
7.0 x 133 0.33730781055501086 0.40041981514429 -13.348814656362324 -1.0791791856382158
7.0 x 134 0.34393788054791896 0.40877141440170456 -13.348814656362324 -3.2154412315807956
7.0 88 135 0.3335136116381318 0.3958591938290983 -13.92458719384786 -0.9272387052588886
7.0 x 136 0.3395603581367191 0.4033536314782697 -13.92458719384786 -1.0634812487651448
7.0 x 137 0.3400950201694991 0.40394947360699596 -13.92458719384786 -0.8012719331522433
7.0 x 138 0.3490698817700604 0.4149323109813779 -13.92458719384786 -1.7356092979145235
7.0 89 139 0.32671392774746744 0.3876454366595073 -13.10339682843623 0.8408116850115999
7.0 90 140 0.3166656933949633 0.37520031641598756 -11.73392655277131 1.4358673436065494
7.0 x 141 0.3285369247421014 0.38985957435492247 -11.73392655277131 -1.7870870233872846
7.0 91 142 0.30886100677167566 0.3651992842112412 -10.582692469504712 1.2334253915789226
7.0 x 143 0.3171219655432694 0.375365716732959 -10.582692469504712 -2.2870982101819255
7.0 x 144 0.31761139364370966 0.37607325591677887 -10.582692469504712 -1.9978605757267527
7.0 92 145 0.3053762845820741 0.3605528512235913 -9.928687436195204 0.7692209527999889
7.0 93 146 0.30373212977927294 0.3582451884602749 -10.045090051225332 -0.26069124088972195
7.0 94 147 0.30414798390433123 0.3582859511844719 -9.90869352596279 0.19772395518272567
7.0 x 148 0.31404702571888904 0.3712000144772256 -9.90869352596279 -1.6640372272737576
7.0 95 149 0.30620841468374144 0.3612485501664005 -10.03214132852089 0.024832383322735296
7.0 x 150 0.3072613110926156 0.36240840547646047 -10.03214132852089 -0.7903370087205079
7.0 96 151 0.29284619037920817 0.34389345917031594 -8.131376117097771 1.987223390847431
7.0 97 152 0.2892947414463707 0.34001955905342385 -7.975493663872733 -0.03591453172866643
7.0 98 153 0.2847176941115461 0.33371081405385716 -7.3841782370087765 0.5974555956181922
7.0 99 154 0.28779678065707964 0.33718453337001186 -7.411727964945465 0.10927495797827103
7.0 x 155 0.3006158099500356 0.35406065519019325 -7.411727964945465 -2.3920232369107612
7.0 x 156 0.289327539097936 0.3388949673572266 -7.411727964945465 -0.15691090478835967
7.0 x 157 0.2834455851522765 0.33079075340865893 -7.411727964945465 -0.6071192119736111
7.0 x 158 0.28722687274846653 0.3361135713098175 -7.411727964945465 -0.45581954452010987
7.0 100 159 0.2799594217819462 0.3266509051750041 -6.318318373687979 1.3106872963703777
7.0 x 160 0.2788049599498531 0.3248682267783513 -6.318318373687979 -1.410942318439913
7.0 x 161 0.28221089098916335 0.32972651072692527 -6.318318373687979 -1.2582141386112067
7.0 101 162 0.2787484998223459 0.3250056044064821 -6.023724935193264 0.199577815611633
7.0 x 163 0.2819692922224719 0.3294186378297106 -6.023724935193264 -1.1332435827753002
7.0 102 164 0.28097083936640144 0.32874162252848055 -6.419764502142438 -0.4858830519376163
7.0 x 165 0.2825605829524343 0.3308337275579053 -6.419764502142438 -1.0085988346080494
7.0 103 166 0.28140155840017345 0.32992845158010164 -6.509987308253225 0.07245915819506621
7.0 x 167 0.284521063117541 0.3330551501191397 -6.509987308253225 -0.9945222941735965
7.0 104 168 0.27592920567484946 0.32301732363962016 -5.760621572071757 0.574467496372522
7.0 105 169 0.26785335847161307 0.31162434508247183 -4.992170972634583 0.6924068004811019
7.0 106 170 0.26539765701846496 0.3083876698777704 -4.0145983209701805 1.1718836432754003
7.0 x 171 0.2788106969225938 0.3272288555946488 -4.0145983209701805 -2.0016345487787737
7.0 107 172 0.2619838269201795 0.3038616482548648 -3.383485796952911 0.7398129498810926
7.0 108 173 0.2575740191002996 0.2976875721682404 -2.8661147171996286 0.4165828706717112
7.0 109 174 0.2555929008200744 0.293972431228754 -2.564183471460771 0.3172160217846036
7.0 110 175 0.25055134918066163 0.28473249911942267 -3.095228281505715 -0.7571450735213547
7.0 111 176 0.24818250847757464 0.2791765702860288 -3.1490521436924674 -0.0921476701821069
7.0 x 177 0.24119288702541986 0.2678548363119752 -3.1490521436924674 -2.6757045458386837
7.0 x 178 0.2422593447808931 0.27124186285317553 -3.1490521436924674 -4.178122297067768
7.0 112 179 0.24257293356670523 0.2664262557031428 -2.822798474344737 0.3037656461944511
7.0 113 180 0.23801282185284225 0.2578115960505053 -1.8115234321403695 1.0668618391355835
7.0 x 181 0.24342906825149255 0.2691111609539657 -1.8115234321403695 -1.5912759899933606
7.0 x 182 0.23687661321660167 0.25674181578537136 -1.8115234321403695 -6.259661180758981
7.0 114 183 0.2350426627069735 0.2511102608174544 -0.6210496644590137 1.2886312155449478
7.0 115 184 0.23652939841625967 0.25211970948771234 -0.402961842422462 0.2753749144893052
7.0 x 185 0.2323557745941184 0.24468583983647077 -0.402961842422462 -0.3468741615061308
7.0 x 186 0.23431689632036037 0.24516698748030313 -0.402961842422462 -1.8566450978570752
7.0 116 187 0.23968811947111746 0.2586342718940219 -1.1702422990517758 -0.8159089246493053
7.0 117 188 0.2417283438742186 0.2622264368182659 -1.213839620661949 -0.02606784108796667
7.0 x 189 0.2511665624728914 0.2808313171201908 -1.213839620661949 -1.7243771414275657
7.0 118 190 0.23492760506709248 0.25336029600229987 -1.4256191081984977 -0.34348736053410067
7.0 119 191 0.24043655942449746 0.26258809630544805 -2.505050091488858 -1.1384599103554673
7.0 x 192 0.24158280292854986 0.2638629270159207 -2.505050091488858 -2.195658459580372
7.0 120 193 0.23387798538165225 0.2518775727853087 -3.4036813313171277 -1.053880644647983
7.0 x 194 0.23703386018713946 0.25486370463496993 -3.4036813313171277 -0.9977583267893677
7.0 x 195 0.2307821077339296 0.24309981051270055 -3.4036813313171277 -1.0015776960802145
7.0 121 196 0.23323882752331693 0.24793903097835368 0.09918414857662107 3.8732767927139937
7.0 x 197 0.2273034339230585 0.23540204636790685 0.09918414857662107 -1.9209560317526442
7.0 x 198 0.23062599040538526 0.2431727381363053 0.09918414857662107 -1.5750995653782516
7.0 x 199 0.24298393118681877 0.2669289778279044 0.09918414857662107 -2.2154566735675947
7.0 122 200 0.2397798717880392 0.2558707937863824 0.3652139202742415 0.6516743247762834
7.0 123 201 0.24276576708074704 0.2591981178671124 -0.455179075607936 -1.0683555399179072
7.0 124 202 0.2407038561232653 0.2545727938878428 -0.3231258165127108 0.09801831947217021
7.0 125 203 0.23883313527014902 0.25296776667544113 0.3504410707364812 0.7807935749222401
7.0 x 204 0.23858007804288064 0.2519047723841969 0.3504410707364812 -1.9480391456328092
7.0 126 205 0.2398241437992799 0.2553513364647127 0.09988301212876001 -0.28896749030047
7.0 127 206 0.23623117521455164 0.24383347869301936 1.0216822203030824 1.1192014894957172
7.0 x 207 0.2407235314335096 0.25336370461778507 1.0216822203030824 -0.8780246883492518
7.0 128 208 0.23625585292308557 0.24677076053013297 1.0173272791532235 0.010866486377108187
7.0 129 209 0.23616273291986514 0.2446823746457371 0.8824236550127518 -0.01769016180279115
7.0 130 210 0.23507662859876455 0.2415562856696145 0.38335118580083954 -0.33627255959086916
7.0 131 211 0.23040709202736046 0.23059344932964093 1.4396643054389078 1.059794487739572
7.0 132 212 0.22886389402732432 0.2250427763097229 1.1566265665717748 -0.1872517970626113
7.0 x 213 0.22659038387923847 0.2093347404766874 1.1566265665717748 -0.22344494362552203
7.0 x 214 0.22908107561380572 0.22633245901924132 1.1566265665717748 -1.1622042045556182
7.0 133 215 0.22660588911607862 0.2206169386365104 2.774823566198149 1.3634315064507059
7.0 134 216 0.22937732405381359 0.22008263871767947 2.2717347273054647 -0.5826904212826536
7.0 135 217 0.23210518138249372 0.22944173185063743 1.7719857953720843 -0.5073750495004441
7.0 136 218 0.23598305362079472 0.23796172264109763 1.0644733337264685 -0.7452574040273228
7.0 137 219 0.2356335631747122 0.23602351231267485 1.129044854580971 0.10020085511771537
7.0 x 220 0.23800466258848657 0.23757416711891494 1.129044854580971 -0.5405541387599034
7.0 138 221 0.23407186800059251 0.23126430005204754 1.3833618618766308 0.20645977603446242
7.0 139 222 0.23137082513286822 0.22540159503680135 1.5590364156260534 0.43005901682776804
7.0 x 223 0.23464500957947715 0.22630181822709017 1.5590364156260534 -1.2102581699430992
7.0 140 224 0.23103237417479666 0.22839360327678457 1.9375453711648096 0.1463986745104795
7.0 x 225 0.2328522690189626 0.23583600384325953 1.9375453711648096 -1.7188125871730597
7.0 141 226 0.22778867208841572 0.21987006499694767 2.563401508175942 0.7352615450506108
7.0 142 227 0.22748665244715377 0.21655418374873583 2.3901164272686484 -0.06658329741707059
7.0 143 228 0.22691402938267416 0.2178802005758222 2.722516002200913 0.22228994785632894
7.0 144 229 0.22602862047957492 0.22264790721615588 2.7971986188040705 0.15599150124055194
7.0 145 230 0.2238813012272107 0.21797893024478426 2.56864023502058 -0.05610198163284652
7.0 146 231 0.22252432380468917 0.20550423173971552 3.562944916358002 0.7601333792978018
7.0 x 232 0.22501094812866407 0.1992823443006746 3.562944916358002 -0.645333144959729
7.0 147 233 0.2234931894263577 0.20965264914318227 2.4012989085058947 -0.8995686116424664
7.0 148 234 0.22200477813530495 0.20923383464581194 2.8847023999219297 0.4687042024415655
7.0 x 235 0.2219639186698238 0.20582753671463508 2.8847023999219297 -0.7814891265606787
7.0 149 236 0.2225034823060877 0.21283536352905016 1.7574396546775726 -1.0082904028328754
7.0 150 237 0.22397866941171632 0.20819131533665636 2.3081696985803646 0.43223695815573016
7.0 151 238 0.22353142667644843 0.20984383555428837 3.035949110334106 0.6221021254451573
7.0 152 239 0.22028611523315114 0.1965768875074553 3.2192332044119056 0.29124219673671936
7.0 153 240 0.22078458333551382 0.20060687924223608 3.786929492240112 0.40766907577318623
7.0 154 241 0.22072448678265794 0.20112121569651528 3.8114034204337415 -0.18363789630350125
7.0 x 242 0.2216105902772051 0.20010149254352924 3.8114034204337415 -1.7115480135271173
7.0 155 243 0.2245173916828874 0.2104173836637146 3.186994980331378 -0.5678392443337819
7.0 x 244 0.2245311811945455 0.2161764646095839 3.186994980331378 -0.7582195906106555
7.0 x 245 0.223482472998758 0.21264306711856074 3.186994980331378 -0.3345570369298194
7.0 x 246 0.22467385294944045 0.21322572506372595 3.186994980331378 -0.6595044067007456
7.0 x 247 0.2286787748552739 0.2156906944461413 3.186994980331378 -1.219508202374541
7.0 156 248 0.22337608967313524 0.20761671905737586 3.2990549122776613 0.2173497717626196
7.0 x 249 0.22296175848350042 0.19534890325542256 3.2990549122776613 -0.6747690319002051
7.0 x 250 0.22678717863330528 0.20632108741685048 3.2990549122776613 -0.6938708604269195
7.0 x 251 0.22512896610635574 0.21164371710204435 3.2990549122776613 -1.9726971542532006
7.0 157 252 0.22244474898170638 0.20123747581512622 2.348960958671501 -0.7069474307819275
7.0 158 253 0.21763676691538292 0.19212670218623784 4.372802357926394 1.8544850432258309
7.0 159 254 0.2152192751153134 0.17993429337038544 4.458957226675194 0.20051963449169108
7.0 160 255 0.21924938720854614 0.18402288578093362 3.310407175624944 -1.122620443831067
7.0 x 256 0.21997817235602943 0.17586598735116726 3.310407175624944 -2.5899230157562556
7.0 x 257 0.21787759476337387 0.18787986186229935 3.310407175624944 -4.312472897931892
7.0 161 258 0.2227564366694876 0.19121066683405732 2.3754679500949583 -0.9276924600067726
7.0 162 259 0.2247606071780793 0.1862471241143286 2.8200179789820052 0.2833181375514151
7.0 163 260 0.22632522374456973 0.17783697019495778 2.8370569742790126 -0.14369893537875056
7.0 164 261 0.22764720963674304 0.1744993444005772 2.330545080844773 -0.7066499362156011
7.0 165 262 0.2272944567811829 0.16707653648900067 2.3843263738464713 0.053481217384458546
7.0 166 263 0.22297888615169717 0.16816591849448756 3.464499244401183 1.312646037719595
7.0 x 264 0.2187978997790885 0.1748850014619854 3.464499244401183 -0.6218663172136498
7.0 x 265 0.22506537369331048 0.16159441933915705 3.464499244401183 -1.8454974530455757
7.0 x 266 0.22551043074577837 0.16571560838174285 3.464499244401183 -2.806596808255093
7.0 x 267 0.22463791752410328 0.174839001124123 3.464499244401183 -1.0102796657334925
7.0 167 268 0.21843790349738026 0.1690062351755631 4.333536551153714 0.9151555793217554
7.0 x 269 0.2170674453177945 0.17382917781905705 4.333536551153714 -0.5552196049568789
7.0 168 270 0.2186633493134811 0.16426799413764612 3.98551876076151 -0.5872774549952156
7.0 169 271 0.21624508389335356 0.16949425371898164 4.6165705859883035 0.7047727137991182
7.0 170 272 0.21477428798024226 0.17030865664343142 4.399827299515556 -0.346115835308928
7.0 171 273 0.21883903961229828 0.16674609154944037 4.268424508455021 0.06901463252472961
7.0 172 274 0.2166872968050003 0.171050856694451 3.882852700591274 -0.6347784165022916
7.0 x 275 0.2172441801197704 0.16927873266266583 3.882852700591274 -3.859721555318431
7.0 x 276 0.22120304368202248 0.16714926478556905 3.882852700591274 -1.3686902597612813
7.0 x 277 0.22029339652469623 0.16996205135345996 3.882852700591274 -1.4695106467046264
7.0 x 278 0.21634088513408004 0.16970367648080453 3.882852700591274 -2.5981167258852613
7.0 173 279 0.2176314426988829 0.17354352349626465 3.7643155668362143 -0.12386786185343146
7.0 174 280 0.2194874205224612 0.17862191026278548 4.005975815263598 0.3812949970879318
7.0 x 281 0.22071625279489748 0.17660608467070812 4.005975815263598 -0.9433137558448648
7.0 175 282 0.22094027851418785 0.18243583219879606 3.839394165840305 -0.005541448066445742
7.0 x 283 0.2253710635033546 0.17292595007529896 3.839394165840305 -2.5442996080896245
7.0 176 284 0.22271599840753556 0.18556625259256027 3.484360944420016 -0.3623133131783085
7.0 x 285 0.22354231974737826 0.18883411586094884 3.484360944420016 -2.874171646932535
7.0 177 286 0.22179555495324307 0.18903881783118717 3.5596357032799637 0.12861419652788442
7.0 178 287 0.22035683283137902 0.1895007791750699 2.6595655655287582 -0.6640998429015479
7.0 179 288 0.2182842682453223 0.1831246735776884 2.435054047228691 -0.13885235526609385
7.0 180 289 0.21662123653447427 0.18902992261425366 1.9513296025261084 -0.40125564466512875
7.0 181 290 0.21459518233726627 0.18721985291658194 4.45663721348764 2.2927201035566194
7.0 182 291 0.21397230353978766 0.18965179621338438 3.9818237516733115 -0.385480840177145
7.0 183 292 0.2140926099671159 0.18873790874575627 3.219534683721729 -0.6789028975181259
7.0 184 293 0.21475263085802154 0.19008150602995458 4.873879702847771 1.3731918966885117
7.0 185 294 0.21838734015792738 0.20378498430688963 3.682440452449876 -1.1142083548880808
7.0 186 295 0.2166378026753356 0.1941444672568637 4.088174747145383 0.402316208968736
7.0 x 296 0.21516139258298797 0.19400174260956143 4.088174747145383 -1.706313030477725
7.0 187 297 0.21725714282575384 0.18733720710670848 2.9138851183657555 -1.047757078671291
7.0 x 298 0.21655951422610237 0.1817478748410113 2.9138851183657555 -1.1644227226736046
7.0 x 299 0.21930493855331365 0.1807553960219196 2.9138851183657555 -2.7529802567962736
7.0 x 300 0.2153707463586959 0.1864035146439894 2.9138851183657555 -1.3702950666112839
7.0 188 301 0.21570808147608694 0.1813806396737549 4.750037905756627 1.3531847262745118
7.0 189 302 0.214016229705245 0.17873431822901087 5.1959515318599845 0.5193060286915907
7.0 190 303 0.2114460780014394 0.18928076013885936 5.268325070300107 -0.06653998631990543
7.0 191 304 0.2091908051855856 0.1847201324549094 5.783808587709927 0.5606301244290677
7.0 192 305 0.20879765304935463 0.1844210653262143 5.805014076026931 0.00354937137982958
7.0 x 306 0.21027328342295049 0.1752098834461408 5.805014076026931 -1.5521813547859562
7.0 x 307 0.20855772324415378 0.1830328069662517 5.805014076026931 -1.0015842298403212
7.0 193 308 0.20977929996225597 0.19321807476353667 5.936007080114199 0.4551668578050272
7.0 194 309 0.20829422158499608 0.19355909390761292 5.898027871079662 0.07210288204808002
7.0 x 310 0.20714434641939306 0.19142446158430165 5.898027871079662 -1.1089402066633456
7.0 195 311 0.2100020619648853 0.1993982871540366 5.865597675316062 -0.12934229101626205
7.0 196 312 0.2097147964597936 0.20608708756099203 4.935308911590439 -0.7419073477581248
7.0 x 313 0.2118777664805452 0.2078991092823993 4.935308911590439 -0.5780137553870679
7.0 197 314 0.2094567731695355 0.20792092766103565 6.120166550841133 0.9165541008267297
7.0 198 315 0.20984117497065977 0.21351470312274984 6.034627257994184 -0.18935604122509986
7.0 199 316 0.20916331320183917 0.21045660902909552 6.202069980020945 0.23045398448408427
7.0 x 317 0.21120662911732715 0.21440092655803186 6.202069980020945 -1.8399255667015026
7.0 200 318 0.21377144504823214 0.2215005416228643 5.269542067027204 -0.9479168504599045
7.0 201 319 0.2123513508340187 0.21435071008905424 5.204340643764868 0.1065626525363772
7.0 x 320 0.2150833104601476 0.21623667204400926 5.204340643764868 -1.856267312492113
7.0 x 321 0.2138026683701175 0.22071480877921976 5.204340643764868 -0.21113063979158753
7.0 x 322 0.21553596392478222 0.2204705829496388 5.204340643764868 -1.7406737573111535
7.0 202 323 0.21507480866832598 0.21896862186958413 4.687026959233791 -0.5500315703914413
7.0 203 324 0.21425149937130256 0.21705130441641438 4.702628698730547 0.05610411201540799
7.0 204 325 0.21217169068852015 0.21757690960755344 5.5634349539262615 0.6153911673444936
7.0 205 326 0.21146668859683196 0.22095082609281727 5.629491762098331 0.22518782684058714
7.0 206 327 0.2116109383025534 0.21820660958562157 5.6833925636902 0.004145864532954846
7.0 207 328 0.20993442047938027 0.21366202665635256 6.026733870867112 0.2691274612425456
7.0 208 329 0.21098739363801355 0.2178260683719089 5.78990584972879 -0.2683262432152844
7.0 x 330 0.21177802418451594 0.21566721765092836 5.78990584972879 -1.0984247687478605
7.0 209 331 0.21311503726804268 0.2236538219958567 5.39515935230866 -0.38226187961492997
7.0 210 332 0.2088018394022856 0.21388603479503887 6.2678315913277 0.97767271281164
7.0 x 333 0.20777576167402007 0.20942859884066356 6.2678315913277 -2.4507707623422146
7.0 x 334 0.20875841113587007 0.21181150682322664 6.2678315913277 -0.7067911682684054
7.0 211 335 0.2065376039717777 0.20843208059035134 6.363934998049058 0.2768439090049988
7.0 212 336 0.20525011429040207 0.20322706420471448 6.37874720090732 0.07817979320723634
7.0 213 337 0.20308929442971646 0.19541764174115622 6.899364481847142 0.5341721176710816
7.0 214 338 0.2064158292507632 0.20498754265338093 6.493110767678359 -0.5020803743152333
7.0 215 339 0.2073661241731198 0.21187242656943697 6.475603743032841 -0.08825394769926476
7.0 x 340 0.2094466766023006 0.21554212310173831 6.475603743032841 -0.6567049437316559
7.0 216 341 0.202935954478864 0.206716902675617 6.751546966282923 0.47894093602187926
7.0 x 342 0.2038787815921728 0.2146101470745037 6.751546966282923 -1.732091882049688
7.0 x 343 0.20534799172321197 0.20792562273040535 6.751546966282923 -3.462625168116605
7.0 217 344 0.205216843778705 0.20382635954696474 6.6782529697715365 -0.16953148115643124
7.0 218 345 0.20157909743753752 0.19281490334217133 7.774066185150837 0.9672097617735593
7.0 219 346 0.2001269666449502 0.19108631729263598 7.781294425808501 -0.16621246243981957
7.0 220 347 0.20023351473496406 0.19306696198896675 8.019888514087596 0.35656913874621754
7.0 x 348 0.19856079294207923 0.18907356381650148 8.019888514087596 -0.6931947878565738
7.0 221 349 0.20111906286169778 0.19946525081860805 7.832158338543417 -0.08164587431393855
7.0 x 350 0.2000137889745185 0.18960607672820154 7.832158338543417 -0.5140785184882617
7.0 222 351 0.19906150816413173 0.1961956132387969 7.725771680487322 -0.38849711872230497
7.0 223 352 0.1986585608406631 0.19693606014072637 7.763829943949252 0.025543639023520193
7.0 224 353 0.20093691048584442 0.2025640800966825 7.3145489489470465 -0.47034117122425645
7.0 225 354 0.2004180247337385 0.1979412102370751 7.361728452201061 0.03479054793304215
7.0 226 355 0.20202038260108826 0.19386448575804782 7.658253082754031 0.6023158761736171
7.0 227 356 0.20184959326640342 0.19457451941583304 6.451171667799526 -0.9268960369610433
7.0 x 357 0.20252800413927136 0.19853937953086806 6.451171667799526 -3.015369690956219
7.0 x 358 0.20642677852013536 0.20749424978530126 6.451171667799526 -5.036074787798408
7.0 x 359 0.2041912295591899 0.19533671511963488 6.451171667799526 -3.017247448891827
7.0 228 360 0.20364437539104713 0.1873125693001336 6.606123796146174 0.06634463103885668
7.0 229 361 0.20180343058553782 0.18578863752805622 5.596370410508591 -0.8359854504141166
7.0 230 362 0.20254242990387408 0.18916565897371085 7.566359601171775 1.5647455237502674
7.0 x 363 0.20449184319506256 0.18777209497738964 7.566359601171775 -0.5633655733873857
7.0 x 364 0.20590989048598551 0.19262130571156957 7.566359601171775 -2.0256339838112956
7.0 231 365 0.20273953775095158 0.18204978041799683 7.279970609037678 -0.4746778284643556
7.0 x 366 0.20470376432085374 0.19316656310652383 7.279970609037678 -3.6268463841269254
7.0 232 367 0.20259412482722544 0.18115297004430614 7.306705577702705 0.012295373757711836
7.0 233 368 0.20331781650017572 0.18388541925727922 6.731622581490127 -0.6951101941968849
7.0 x 369 0.20395628899809418 0.1819380431602118 6.731622581490127 -1.0982111963227394
7.0 x 370 0.20419153664073367 0.17955366099936967 6.731622581490127 -2.4211619797838777
7.0 x 371 0.20274941219014203 0.18704194550880862 6.731622581490127 -2.510815980072345
7.0 234 372 0.20155122977465526 0.18453796282853357 7.780731984335232 1.3309034149634735
7.0 235 373 0.19991831228123294 0.17910497794796504 8.126981594806477 0.36208583107245307
7.0 236 374 0.20047780044788582 0.18890174304404217 7.987699153621798 -0.10057152053699792
7.0 237 375 0.19981145877011644 0.18136247659908689 7.603737343475075 -0.6594541629812065
7.0 238 376 0.1976203010180352 0.1758947123199534 8.615311867243097 1.25762237687346
7.0 x 377 0.19934357793286675 0.189814340378747 8.615311867243097 -2.5127792673331326
7.0 239 378 0.1989870751271878 0.17151485058446467 8.270193158998216 -0.25721857851754315
7.0 240 379 0.1982982856043899 0.17343643164723627 8.473495292393043 0.153308855031133
7.0 x 380 0.19747940609591072 0.16993694976348087 8.473495292393043 -0.7616066712173586
7.0 x 381 0.19995600469376737 0.1737113420766902 8.473495292393043 -0.3665765956289704
7.0 241 382 0.19822373889025954 0.17007994795034378 8.486401249510953 0.029368505478553075
7.0 242 383 0.19858138097350495 0.16735729077730785 8.357136949731421 -0.22971734709178193
7.0 x 384 0.20111633024688216 0.16573590358782422 8.357136949731421 -0.5690992142246669
7.0 243 385 0.19788321420253796 0.1742028170249664 8.31866349750757 0.1980645061705424
7.0 244 386 0.19642186294482225 0.17835659888615332 8.77504850629462 0.22134109362699483
7.0 245 387 0.19753702939039622 0.1769391616584734 8.281228213164848 -0.603314365726817
7.0 246 388 0.1972781661882576 0.17207792608127045 8.006063623831631 -0.3497805859239538
7.0 247 389 0.20098602293997467 0.17720243110513945 7.808353006979402 -0.06381370796820285
7.0 x 390 0.20318222777690356 0.17905292976277826 7.808353006979402 -0.7029395013408548
7.0 248 391 0.20231206908899377 0.17449954820588734 7.590545160908225 -0.18909102613705908
7.0 249 392 0.20260219374778077 0.1778311757917166 7.3920175230822895 -0.27611730289865744
7.0 x 393 0.2041960259477627 0.171977010848319 7.3920175230822895 -0.10067436069254043
7.0 x 394 0.20301696566957236 0.1744997288794729 7.3920175230822895 -1.0742547499390946
7.0 250 395 0.20285415998906098 0.1813120641067825 7.122643767240488 -0.3363672466573142
7.0 251 396 0.20456040861488356 0.19000029583924183 7.110670364841735 0.2312766358403584
7.0 252 397 0.2067621615646094 0.1941917903430439 6.440079423568191 -0.5973065912152427
7.0 253 398 0.20539926973953487 0.19185874859730956 6.966467209611105 0.4132991998230118
