8.0 x 0 0.5377838964067219 0.6349254079475675 -62.53644211958975 -22.96998317584498
8.0 x 0 0.5377838964067219 0.6349254079475675 -62.53644211958975 -22.96998317584498
8.0 x 1 0.5521417532299063 0.6505864202488267 -62.53644211958975 -2.5647978763352697
8.0 1 2 0.545576865539843 0.643470025726956 -58.51551978626862 3.9701225880756184
8.0 2 3 0.5442799275925793 0.6420516986619207 -44.38220019856897 13.812306861706482
8.0 x 4 0.5426115777782429 0.6399770824712562 -44.38220019856897 -27.31557848213093
8.0 3 5 0.5397759950423943 0.6368417633031559 -43.13675798235329 1.2372398051343083
8.0 4 6 0.536791214139134 0.6337186858950647 -38.89963603785254 4.109588154589261
8.0 5 7 0.5268041479198621 0.6224254270817876 -35.292158831828196 3.51639932915414
8.0 6 8 0.5270623590829975 0.6226276300915544 -32.475696069816195 2.6513648374927854
8.0 7 9 0.5210762084100347 0.6161821293553902 -28.8933684167641 3.2225373055590474
8.0 8 10 0.5206150794559277 0.6156599535572811 -29.14422077397174 -0.18117980757059016
8.0 x 11 0.5272517305495844 0.6231042349386594 -29.14422077397174 -4.600174660581999
8.0 9 12 0.5119649146340376 0.6058133854979602 -29.05893088236408 0.20310122153193788
8.0 x 13 0.516267360557598 0.6105279413207013 -29.05893088236408 -1.10228984420079
8.0 10 14 0.51842054183693 0.6126054169412205 -29.196684390881437 -0.21789884682202398
8.0 x 15 0.528220952403961 0.6235783827471572 -29.196684390881437 -3.908252279686657
8.0 11 16 0.515923357722065 0.6099508050733016 -29.829486716948146 -0.5112487549621889
8.0 x 17 0.5047693707948513 0.5975670936828106 -29.829486716948146 -0.8571283301334134
8.0 x 18 0.5152052015508429 0.6091007332648732 -29.829486716948146 -1.527497259883745
8.0 12 19 0.5129719399220254 0.6064648769987374 -28.679300938191798 0.4837732681247324
8.0 13 20 0.5036182080780056 0.5960104165162617 -28.893323740757378 -0.335506761469496
8.0 x 21 0.49944765069201985 0.5912255935749803 -28.893323740757378 -1.819327618448849
8.0 14 22 0.5044331063658034 0.5967415661610596 -28.90847054601984 -0.014902936784800147
8.0 15 23 0.5069701921673824 0.5993878800091983 -28.012952187205034 1.0957033622246755
8.0 16 24 0.5068599767606758 0.5991455397711984 -29.068311560387553 -0.43777405086743926
8.0 17 25 0.5057821897060777 0.5982907060404348 -30.92363537638827 -1.6724099414685476
8.0 18 26 0.5052386620744869 0.5978053860675017 -28.70762240128576 2.0234305385006763
8.0 19 27 0.5002519810125989 0.5924149785180348 -29.11104218171721 -0.29421321715538795
8.0 20 28 0.5079022611778534 0.6008736672819455 -30.866409854219736 -1.6818126186096372
8.0 x 29 0.5050660157872401 0.597796969328784 -30.866409854219736 -7.16349184900599
8.0 21 30 0.5145459510643681 0.6082002882680252 -28.672055058329498 1.8661582683455684
8.0 x 31 0.5086155519447887 0.6013985610548083 -28.672055058329498 -3.9267395082488363
8.0 x 32 0.518238470450257 0.6122294084666456 -28.672055058329498 -1.4094345331916251
8.0 x 33 0.5208202652883059 0.6152845226994756 -28.672055058329498 -2.6994576471528546
8.0 x 34 0.5192826833177546 0.6134895903206389 -28.672055058329498 -0.9087367109074371
8.0 22 35 0.5190818589776017 0.6131043767973486 -28.55908240663997 -0.25883035824858425
8.0 x 36 0.5246832193185411 0.6191111150714077 -28.55908240663997 -2.050956010860414
8.0 23 37 0.5195436505766355 0.6132918719924193 -28.711702780276465 0.13037591317455366
8.0 24 38 0.5198956451340471 0.6137328625384728 -28.71976140164929 -0.013461406923198638
8.0 25 39 0.5201729271840503 0.6140217924383663 -28.510066492918448 0.05853976875577516
8.0 26 40 0.5196043427797434 0.6133704302890851 -28.745424426147487 -0.42678929955111755
8.0 27 41 0.5238063561633867 0.6181293174921809 -28.976662540067103 0.07792313175407628
8.0 28 42 0.5199499458027776 0.6135033685143031 -28.713679722148946 -0.028681975533700665
8.0 x 43 0.5194602487204775 0.6127692165256076 -28.713679722148946 -1.436490660630632
8.0 x 44 0.5263769064003709 0.6206432061051445 -28.713679722148946 -1.3428092148096198
8.0 29 45 0.5236685912044625 0.6174891249909442 -29.754219810397224 -1.2369764111757533
8.0 30 46 0.5310176449215666 0.6257290855139922 -29.35168651960149 0.6224271835673285
8.0 x 47 0.5310477823196081 0.6258118645046148 -29.35168651960149 -1.1765397704106633
8.0 31 48 0.5261213315458105 0.6200673714484994 -29.06313144161257 0.5188087155338543
8.0 32 49 0.5258797212168381 0.6199896316921799 -29.77142250576332 -1.1429312411172816
8.0 33 50 0.5263596805612125 0.6200645814096029 -29.415862883393746 0.43194288656434665
8.0 34 51 0.5348079590246004 0.6295838913694775 -29.55666263489381 0.018656644005606182
8.0 x 52 0.5391620943913819 0.634426020591421 -29.55666263489381 -1.6336960306471724
8.0 35 53 0.5286509217649064 0.6226792490018743 -29.13738408599058 0.5268165727161964
8.0 36 54 0.5323831675782159 0.6268652442013251 -29.745837781548808 -0.4878663540914765
8.0 x 55 0.5317261916106607 0.6257723558966841 -29.745837781548808 -1.0752891662406512
8.0 37 56 0.5291645116311284 0.6236566693002651 -29.253444742627956 0.41852151138604654
8.0 x 57 0.5224526519809937 0.6164284852233046 -29.253444742627956 -0.5779575947165405
8.0 38 58 0.5256297796309071 0.6196890396820651 -29.032148351441457 0.2504875647751419
8.0 39 59 0.5191420422502891 0.612556430300092 -28.806289589727633 -0.08119107502150769
8.0 40 60 0.517533273340982 0.6109430506171454 -28.359458587313036 0.7186890415906859
8.0 41 61 0.5148749251835217 0.6076639613106609 -28.16557243415223 0.07435896053237911
8.0 x 62 0.5207679253245927 0.6145243128354428 -28.16557243415223 -1.840673238786124
8.0 42 63 0.5166298234276241 0.6099174749729923 -28.503488287961122 -0.12323273094531473
8.0 43 64 0.5178245722005712 0.6113244154716247 -28.347654073081888 0.022673308316953467
8.0 44 65 0.5174070196203032 0.6107431819362644 -28.638155182634094 -0.14027348787201888
8.0 45 66 0.5061082701312074 0.5981041320291406 -27.489536962384623 1.0038844656214216
8.0 x 67 0.5142411320160953 0.607353641281231 -27.489536962384623 -4.625525911952163
8.0 46 68 0.5018000927421438 0.593440072820966 -27.288398086559603 0.3374515660901416
8.0 47 69 0.49755992837538515 0.5888319547622963 -26.948092799760285 0.14841588968966235
8.0 48 70 0.4956825644959484 0.5868832049890078 -26.878056864475802 0.046626902312706164
8.0 49 71 0.4767737463996439 0.5658353540420127 -27.11887461476107 -0.5064427248652734
8.0 x 72 0.48379639460021695 0.5737842209898607 -27.11887461476107 -1.5660366389942588
8.0 50 73 0.46659476333645583 0.5542330455700335 -24.667782498625446 2.818857419283642
8.0 51 74 0.4676430198253984 0.5553935073784344 -24.55779381178449 0.2182260990415088
8.0 52 75 0.4617875348983264 0.5487355351953299 -24.24426348281927 0.24144247001774843
8.0 53 76 0.45881947936786877 0.5455404568040615 -23.836371087648676 0.5675770143320911
8.0 54 77 0.4560675589931629 0.5422528567346162 -23.783972166486862 0.17320820447436702
8.0 55 78 0.4563096394904664 0.5424309914985903 -23.644955061241536 0.046953555422330595
8.0 56 79 0.4611157287880649 0.5477844733487768 -24.718669337716925 -1.4243564952471495
8.0 x 80 0.46082406913018514 0.547312195028461 -24.718669337716925 -1.8850451833684545
8.0 57 81 0.4642742235988017 0.5512025666559608 -24.870971476128446 -0.13830531555413472
8.0 58 82 0.46291164945923524 0.5495477294498081 -24.307658495325953 0.7184261112338675
8.0 59 83 0.4635843084496627 0.5501321535273213 -24.223852672422975 0.2242109967978827
8.0 60 84 0.4610783799686987 0.5473755376927738 -24.018512740059187 0.19897142890017605
8.0 61 85 0.4527059270031948 0.5378176525031374 -23.528828860556168 0.6553987354618442
8.0 62 86 0.4461300396804519 0.5301261150600973 -22.907092095123588 0.6198151053132435
8.0 63 87 0.4435658825373907 0.5271775404506338 -22.697843166001334 0.21190215885579988
8.0 64 88 0.4436640127973367 0.5273894239623785 -23.217968673305954 -0.3950586487868293
8.0 65 89 0.43876767288044555 0.5215915199866529 -22.355670425620918 0.766097978154658
8.0 66 90 0.42559767814986715 0.5063216019328242 -21.041713495457174 1.2010882080056682
8.0 67 91 0.4263668242380599 0.5068946086168188 -21.13239240849811 -0.0015017118206266389
8.0 x 92 0.43606012072884515 0.5178140038936981 -21.13239240849811 -1.0040088542748222
8.0 68 93 0.4211905948286086 0.5007595286767639 -21.555169596677217 -0.16265414353309282
8.0 x 94 0.42648619534710586 0.5068425470574216 -21.555169596677217 -8.631866856130987
8.0 69 95 0.40923321717950983 0.4866376256055893 -19.648396181409318 1.758123869995849
8.0 70 96 0.412711479864476 0.49087194185822275 -19.889003442518195 -0.3452695355870361
8.0 71 97 0.4060381911979487 0.4830588321540631 -20.013440618079706 0.1811411690432081
8.0 72 98 0.3869275643470802 0.4606535209405538 -17.976408946880717 2.08760595146466
8.0 x 99 0.3985509039703035 0.4743414624541678 -17.976408946880717 -3.8256712689811394
8.0 73 100 0.3985552240501779 0.47432880938217553 -19.887553073281012 -1.8392077632051382
8.0 74 101 0.39839049982737235 0.47408722082477983 -19.12204207651125 0.6494220388895542
8.0 x 102 0.3968905114233384 0.4723407261655813 -19.12204207651125 -1.7958298479984798
8.0 75 103 0.3981323035844016 0.4739461223658467 -18.904035762542556 0.17118007441642646
8.0 76 104 0.39712726147806376 0.4728191851024002 -18.78081327651045 -0.2507971245724008
8.0 77 105 0.3912082864264462 0.46586174004439884 -18.030547083098448 0.8480533937270991
8.0 78 106 0.3772579869747579 0.4493187966664611 -16.67222661899405 1.4355926484484165
8.0 79 107 0.37051828278014853 0.4413011790621659 -15.9431051324627 0.9676511395161516
8.0 80 108 0.3551250667914123 0.42266766928178573 -15.346410906826584 0.9133426272653598
8.0 81 109 0.3537345455937442 0.42093993632482457 -15.103340749699058 0.24709928481314591
8.0 x 110 0.3618100488391641 0.4307339633509886 -15.103340749699058 -0.7602401176949947
8.0 82 111 0.35532001252303735 0.42293604635206217 -14.888765184221832 0.13808347350624928
8.0 x 112 0.36117479563686317 0.42996118047282506 -14.888765184221832 -2.805994850854546
8.0 83 113 0.351656349464529 0.4184871734766043 -14.622634113541025 0.30475962963257075
8.0 84 114 0.35263120795519304 0.41967682986412513 -14.052340050821606 0.24873105115459992
8.0 x 115 0.3643409652081431 0.4339464903524664 -14.052340050821606 -2.135394246725074
8.0 x 116 0.36688591363839523 0.4369419262546296 -14.052340050821606 -1.4686192858587148
8.0 85 117 0.34527030205022363 0.41082028564779943 -13.60505838179403 0.34523036536657514
8.0 86 118 0.3501510914670785 0.41681081782305146 -14.243824723892995 -0.7083958255077967
8.0 x 119 0.3547575428842944 0.42236863425266935 -14.243824723892995 -0.9060317623898246
8.0 87 120 0.3500526092877351 0.41665052571658434 -13.805066515120812 0.7506798270812691
8.0 88 121 0.35027000284504767 0.4169352032377912 -14.497576864752848 -0.4923893293027657
8.0 89 122 0.3574317398469961 0.42553112521710795 -15.318762224670705 -0.857142641036214
8.0 90 123 0.3521138837347204 0.41908870777462154 -15.110472156120743 0.29790112517824774
8.0 x 124 0.3579019783901736 0.4258685939403403 -15.110472156120743 -1.0581464171420798
8.0 x 125 0.34372789295373835 0.40884892507884757 -15.110472156120743 -4.196732835155569
8.0 91 126 0.3577162399412733 0.4259655997043534 -14.565162084196178 0.2000110231194121
8.0 x 127 0.37091197489933586 0.44185771485144426 -14.565162084196178 -1.693853098533566
8.0 92 128 0.35318770206297956 0.4205520644398373 -14.101455717476135 0.43954825465581493
8.0 93 129 0.3488134640093514 0.41527486945301995 -13.62893784925645 0.5076850706429941
8.0 94 130 0.3493823353241608 0.4159646628245936 -13.695292353077186 -0.07709622320498433
8.0 95 131 0.3348666092444117 0.39799088502560237 -14.203233009319472 0.06489743198820364
8.0 x 132 0.3309654679535894 0.3931094772335193 -14.203233009319472 -2.1063770705736573
8.0 x 133 0.34297353277632303 0.4079182739390576 -14.203233009319472 -0.716116163433739
8.0 x 134 0.35036550886873724 0.41698573055049126 -14.203233009319472 -4.537475401241647
8.0 96 135 0.3395977285865322 0.40381101229904726 -12.760513963850176 1.0899576210035065
8.0 97 136 0.3461603835144177 0.4118198664863101 -13.377528033096727 -0.7071005642448398
8.0 x 137 0.35305530163661647 0.42004485034581895 -13.377528033096727 -0.7834521856476009
8.0 x 138 0.3621634315513088 0.43092046578987747 -13.377528033096727 -1.8919785402383553
8.0 98 139 0.3384470574436786 0.4025582475780217 -12.516995685803145 0.878888125535557
8.0 99 140 0.32816583849348097 0.3901181330385868 -11.379719123190934 1.2033657247970204
8.0 x 141 0.34119487763228307 0.40588019685611887 -11.379719123190934 -1.5307041768161351
8.0 100 142 0.3206367496861512 0.3807499636394972 -10.561367230893651 0.9006384939418375
8.0 101 143 0.3296247403216095 0.3916699402135204 -11.625537782683184 -1.321151469262853
8.0 x 144 0.33845792545438275 0.40234896491118455 -11.625537782683184 -1.669914507902126
8.0 102 145 0.3251464575686453 0.3861430406455081 -11.010689128858663 0.7311319163101011
8.0 103 146 0.3231764559613211 0.3835974723484796 -11.037141024823814 -0.16980315348454944
8.0 104 147 0.3229933243071892 0.38308248205988266 -10.873676072653046 0.2249843695728213
8.0 x 148 0.332484150438661 0.3949129879734737 -10.873676072653046 -1.3587922815503095
8.0 105 149 0.32579002319972783 0.386751529732842 -11.102245404833946 -0.0806933724895309
8.0 x 150 0.3268514274350739 0.3879710057902795 -11.102245404833946 -0.7646627513840834
8.0 106 151 0.31141476153812925 0.36879169363932046 -9.418350046314297 1.7713387069955573
8.0 107 152 0.3077757416446348 0.3645439703836679 -9.221950290623196 0.004119462366869442
8.0 108 153 0.3032325513984055 0.35878428982742266 -8.730610220393228 0.4991111309777967
8.0 109 154 0.30662606415633903 0.36279699825786593 -8.82883587357578 0.038374228182469494
8.0 x 155 0.32075242366267276 0.3805173535491966 -8.82883587357578 -2.29026416540248
8.0 110 156 0.30731623053375373 0.36358534967029155 -9.027488547748883 -0.058440872945913824
8.0 111 157 0.30298745022969087 0.3578491798459606 -8.611914486433609 0.17164586418561179
8.0 x 158 0.30130235651706755 0.35533154352930757 -8.611914486433609 -0.5839961264881346
8.0 112 159 0.29511535013558854 0.34761504115772646 -7.396675078602065 1.4325236286551792
8.0 x 160 0.292474080814448 0.3438688326212837 -7.396675078602065 -1.9654011481884037
8.0 113 161 0.2975410953612365 0.3508509798745589 -8.158166474232523 -0.5555247332139928
8.0 114 162 0.29685375380633167 0.34980209670499335 -7.740124596388949 0.32273684550618853
8.0 115 163 0.3000935942130793 0.35396371733343873 -8.093720093242768 -0.5711954444880529
8.0 x 164 0.3027068330683817 0.35776476256647 -8.093720093242768 -0.5665327896001475
8.0 x 165 0.3015191846087509 0.3557093049014642 -8.093720093242768 -0.9243642649397454
8.0 116 166 0.30023427345283693 0.35466988446422776 -8.081843992921314 0.17383617440263244
8.0 x 167 0.30353065361799475 0.3582864724926167 -8.081843992921314 -0.9866346057242694
8.0 117 168 0.2947747480780385 0.3477883102928279 -7.538688086285536 0.3689302498764597
8.0 118 169 0.2862121381605625 0.33632769268055895 -6.904014209146143 0.5584534445639955
8.0 119 170 0.28386962709531094 0.33324972508869827 -6.041334079231508 1.0564083785868936
8.0 x 171 0.2995457128010948 0.35435488512333624 -6.041334079231508 -1.888436280288686
8.0 120 172 0.280338135072613 0.3284329364980459 -5.4858527432804 0.6639236136357454
8.0 121 173 0.27570111361646643 0.32215381944572474 -5.071271622934384 0.31347785586505417
8.0 122 174 0.27325273658524657 0.3181599112654792 -4.770913927229087 0.31496144882511956
8.0 x 175 0.2679009181668799 0.3091863711677003 -4.770913927229087 -0.7460965281287715
8.0 123 176 0.2705378190675487 0.3131342268473493 -4.60048752592372 0.13210625553606903
8.0 x 177 0.2623882437780226 0.30112367315788147 -4.60048752592372 -1.35587424817074
8.0 x 178 0.26494997857222136 0.3060472158704502 -4.60048752592372 -2.5774490479872725
8.0 124 179 0.2629956880283859 0.2994531570331236 -3.927800204881044 0.6496348411075301
8.0 125 180 0.2570453582648433 0.28992447336255006 -3.0014209979832103 0.982693588742932
8.0 126 181 0.2650005674508662 0.30353055479184066 -4.3533031749715505 -1.4521220744609025
8.0 x 182 0.26385059689177864 0.30215332996767186 -4.3533031749715505 -4.627720809016882
8.0 127 183 0.2603654385015562 0.2954921108189096 -3.355048779887272 1.0957030184146577
8.0 128 184 0.26175739787646124 0.29639391265191256 -3.2959174508363285 0.1165222094067051
8.0 129 185 0.2563816070275599 0.28851796063643714 -3.1297000658671665 0.06142085608886205
8.0 x 186 0.25235628920944775 0.28044085910140776 -3.1297000658671665 -1.4086938118688783
8.0 x 187 0.2612151849046394 0.2964295595719695 -3.1297000658671665 -0.8441689783770743
8.0 x 188 0.25829979991041563 0.2912869086670406 -3.1297000658671665 -0.036666424166380995
8.0 x 189 0.2683220171473601 0.30833658603979913 -3.1297000658671665 -1.709952004317894
8.0 130 190 0.24929963045722944 0.2794048224843655 -3.2772727885837685 -0.2792443387821337
8.0 x 191 0.25579745848715885 0.2890694130862733 -3.2772727885837685 -1.056193483234185
8.0 131 192 0.2503440128162466 0.2805716138091146 -4.963948304487092 -1.8743201665051346
8.0 x 193 0.24279765104772566 0.26927665043364846 -4.963948304487092 -1.162319642224265
8.0 x 194 0.2539176560889823 0.2852131408806977 -4.963948304487092 -0.877674767240217
8.0 x 195 0.2461265519124041 0.27188887611078255 -4.963948304487092 -0.7691072350564934
8.0 132 196 0.24866739366825388 0.27620233098593 -2.017556096727458 3.3165792774643608
8.0 133 197 0.24130848697086155 0.26301175592161236 -3.223261378131739 -1.4635372395950732
8.0 x 198 0.23819447815076863 0.2580794738065164 -3.223261378131739 -1.9604700218060183
8.0 x 199 0.2526748899292242 0.28300541127123574 -3.223261378131739 -2.1806170177078625
8.0 134 200 0.24824130611620257 0.2719158036941351 -1.3780806094662978 2.2297916265496323
8.0 x 201 0.2512919960438212 0.27461846091328707 -1.3780806094662978 -1.8711684994116913
8.0 135 202 0.24557586638272727 0.26652549422110644 -1.237093272898684 0.10681812078377284
8.0 136 203 0.2436273662472337 0.2647575865364472 -0.574088004243462 0.7705411264737196
8.0 x 204 0.24283306844111896 0.2635575766007396 -0.574088004243462 -1.9010168279519524
8.0 137 205 0.2446148693582288 0.2676219242547246 -0.8091249662083285 -0.271663342658251
8.0 138 206 0.23979056387551112 0.25518585256766285 0.29967711213695414 1.3064700338260287
8.0 x 207 0.24482093592838655 0.26541695504603224 0.29967711213695414 -0.6837840533307336
8.0 139 208 0.24024521523391162 0.25784977558995303 0.2426205283105679 -0.04106256905038086
8.0 140 209 0.24052102613003112 0.2562915589832768 0.18384318832583135 0.05770847281682723
8.0 141 210 0.2395323161572734 0.25340171200683753 -0.09998568378411665 -0.12045302643398292
8.0 142 211 0.23406795834936064 0.24187377882360142 0.9193664753641178 1.0230817319473153
8.0 143 212 0.2319322539009054 0.23569356759193522 0.9040675292226127 0.08052223183217777
8.0 144 213 0.228780438784392 0.21796443337162857 0.9452275507316453 0.13864701998963747
8.0 x 214 0.228826931092095 0.21937215097416451 0.9452275507316453 -0.9968962242240762
8.0 145 215 0.22731787797993103 0.21314641459579373 2.2936972872179604 1.0932721360821276
8.0 x 216 0.2303323465753035 0.21363950229842246 2.2936972872179604 -0.5367138895832235
8.0 146 217 0.22976381040301933 0.22220162205859692 1.8782014311104724 -0.4236597221730465
8.0 147 218 0.23348582006386168 0.23007266270369806 1.2955204087389696 -0.619836744227932
8.0 148 219 0.23333410818365757 0.22857928253050264 1.2854612182636669 0.026506047354204032
8.0 x 220 0.23598129205938592 0.2301217839829386 1.2854612182636669 -0.7350181114966239
8.0 149 221 0.2319489884908284 0.22402145821048122 1.5700751796443577 0.23649665383696394
8.0 150 222 0.22997745143103127 0.21824287953870428 1.2104208974324504 -0.10522014791013956
8.0 151 223 0.23312035455473165 0.21867975739175247 1.1959809993412485 -0.4531125229961692
8.0 x 224 0.2317507302081951 0.22151054903943687 1.1959809993412485 -1.047427742993008
8.0 152 225 0.23364122753505717 0.22602312235117344 0.4656281877844013 -0.30237739104838
8.0 153 226 0.23030122113166288 0.2169003291319534 0.41381561656781907 0.05796529909021797
8.0 154 227 0.23071084135945052 0.21390370739158932 -0.9052844785706688 -1.212057486083097
8.0 155 228 0.23040967104330237 0.2155254679403181 0.26311426631742574 1.0587773094634731
8.0 x 229 0.22826868155830085 0.2202500298660055 0.26311426631742574 -0.06644587775070909
8.0 x 230 0.22853043724992725 0.21092587144967473 0.26311426631742574 -1.2542182197935263
8.0 156 231 0.23047609185940512 0.20333998246707985 1.5544287407476138 1.0585576670634687
8.0 157 232 0.2336561598119325 0.19738236553821692 0.3218829327566255 -1.1242343015203322
8.0 x 233 0.23406460990573033 0.20031783157106983 0.3218829327566255 -2.5564239079829836
8.0 158 234 0.23213627490581684 0.19687697838426746 0.7510790574928066 0.4151153348376382
8.0 159 235 0.23383054105589993 0.19390266133270137 -0.5105845349275988 -1.1406223545181866
8.0 160 236 0.23315356102231935 0.19682973563151746 -1.6957572203193405 -1.064969773661233
8.0 161 237 0.23736389044862252 0.1936254371980569 -1.488860704878751 0.08860930399953948
8.0 162 238 0.23584174871908148 0.1947434474146615 -0.14687157702975973 1.236813525699199
8.0 x 239 0.2356493428167761 0.1839320301649212 -0.14687157702975973 -0.8436135283630324
8.0 163 240 0.23487014044683088 0.19781553888199818 0.8716542401495324 0.8592669013722909
8.0 164 241 0.2345548796134376 0.1981702539199719 1.1390805538467368 0.05913815525011468
8.0 x 242 0.23564391310800498 0.19734752337459652 1.1390805538467368 -1.331437947275088
8.0 x 243 0.2372654782802574 0.20644226929943724 1.1390805538467368 -0.364568637525169
8.0 165 244 0.23344837222825784 0.20320828571206062 0.7271701914818285 -0.10881303049197455
8.0 166 245 0.2314880764018097 0.20512810608089893 1.6261285660190476 0.7272382616036841
8.0 x 246 0.23157874025159111 0.20714937100115088 1.6261285660190476 -0.4059900674007286
8.0 x 247 0.2359488649356759 0.20988137832270778 1.6261285660190476 -0.9727788404521611
8.0 167 248 0.2304573211090303 0.20236926484667167 1.592083461938638 0.07294431507478127
8.0 x 249 0.23207994906912002 0.19101886479452607 1.592083461938638 -1.294024389495462
8.0 x 250 0.23450912082310543 0.20106221717753653 1.592083461938638 -0.5835594240900825
8.0 x 251 0.23220139787267585 0.20510623160977645 1.592083461938638 -2.0819760361804014
8.0 x 252 0.23073856047220603 0.1960648076864826 1.592083461938638 -1.1668431812225284
8.0 168 253 0.22618336353697222 0.1925520406041986 2.488141360459718 0.7263291518322401
8.0 169 254 0.22463706626754343 0.18094299192806146 2.7359423967838516 0.3631824635380596
8.0 x 255 0.2289598194038733 0.1848687023746325 2.7359423967838516 -0.7922153877673885
8.0 x 256 0.22618938901850025 0.1730271525556888 2.7359423967838516 -1.0365029355177753
8.0 x 257 0.22250670637783596 0.18512629642060316 2.7359423967838516 -1.2877472637402838
8.0 x 258 0.22788821450939284 0.1877062981448058 2.7359423967838516 -0.5747619005698583
8.0 170 259 0.22784811663744042 0.17636780310171568 2.1914664727085125 -0.7061911394043214
8.0 171 260 0.2314505285500804 0.16902540248250342 1.319710819651771 -1.032078128317604
8.0 172 261 0.2339451351360745 0.16682739682983927 0.08246727812554078 -1.43827107760566
8.0 173 262 0.235372093061544 0.16098420230162033 -0.07770732828403704 -0.15967831144016176
8.0 174 263 0.22987143452708386 0.16134947597325133 1.6542864915884177 1.9643729073506695
8.0 x 264 0.2236825691964264 0.16606922950896902 1.6542864915884177 -1.550808376638273
8.0 175 265 0.2327523424881132 0.15649367934884365 1.1188326164482123 -0.20906399853264834
8.0 x 266 0.23656385399489016 0.1552262771968318 1.1188326164482123 -1.5027345721700354
8.0 x 267 0.23304306741254466 0.16103191515101797 1.1188326164482123 -1.3404793566483624
8.0 176 268 0.22700269598523093 0.1562016038008118 2.055156474382721 0.9798063722140902
8.0 x 269 0.22392872742665895 0.15883991834646655 2.055156474382721 -0.8775965043281149
8.0 177 270 0.2273121037859348 0.15309990343160915 2.3099105965826103 0.015924273495924623
8.0 178 271 0.22255812293757776 0.15614001618288426 3.1137158039354462 0.878376071177625
8.0 179 272 0.2211693520265112 0.1565051681020133 3.1595783258411165 -0.08350531588962973
8.0 x 273 0.22561259767343655 0.15479802431384823 3.1595783258411165 -0.4292081060206243
8.0 x 274 0.21882481209997512 0.15983093716048524 3.1595783258411165 -1.0238172217104013
8.0 x 275 0.22302661122956413 0.1558083159975673 3.1595783258411165 -2.8283614829601467
8.0 180 276 0.228094165100954 0.1548920779208543 1.8791954616993978 -1.3840613182052597
8.0 181 277 0.23213229394045878 0.1549679931142761 0.8269229771258886 -1.1917954438960359
8.0 x 278 0.23237604108389529 0.15409833328511116 0.8269229771258886 -2.3705911508974182
8.0 182 279 0.2324285621778962 0.15669584084532492 0.8097572914917812 -0.02362348303828843
8.0 183 280 0.2331503269322709 0.1598921136019764 1.2149868542247462 0.5444098621097901
8.0 184 281 0.23489932397270813 0.15914325418548378 0.43160432564346607 -0.9395522199715196
8.0 185 282 0.23546170335577943 0.16145689637205882 0.8935949986966483 0.6212091787400977
8.0 x 283 0.2446415247200375 0.1579225631989895 0.8935949986966483 -3.7488943301254274
8.0 186 284 0.23712228837267318 0.16375622374211432 0.6496184516904953 -0.2502491399857518
8.0 x 285 0.23597181963667846 0.16583652486592312 0.6496184516904953 -0.29519947819532777
8.0 187 286 0.23515834175783415 0.1656212385699015 1.0243901884999027 0.4290768761461907
8.0 188 287 0.23348585699358732 0.16545790096434698 1.1063005139237956 0.31621539443874447
8.0 189 288 0.23318922588003296 0.16109907076880908 0.8256668537724208 -0.19515086174794893
8.0 190 289 0.22784948690220921 0.1639021898071878 1.4803245623998655 0.7368634732422927
8.0 191 290 0.226393952735261 0.1621134544863675 2.457426729329615 0.7618337253976175
8.0 192 291 0.2243682891992489 0.1634789810204861 2.6699801787415387 0.3008838999228334
8.0 193 292 0.224856299685263 0.16268692302307133 2.318299799616398 -0.2679115146744224
8.0 194 293 0.22505613544045394 0.1635782583418603 2.657124329623133 0.05851617348579419
8.0 195 294 0.2235449752202199 0.17240096895221477 2.9497417191607505 0.3697671999637673
8.0 x 295 0.22550448630427444 0.1661496628662443 2.9497417191607505 -0.32875753250861894
8.0 196 296 0.2217613544286747 0.17208154255294603 2.6851499288678733 -0.003075058834846711
8.0 x 297 0.2239864354207077 0.16751154839920115 2.6851499288678733 -1.3060281295958407
8.0 x 298 0.2228035360894586 0.16730126725856242 2.6851499288678733 -0.9828583461511671
8.0 x 299 0.2258338688032748 0.16737442446712456 2.6851499288678733 -2.1510520347312454
8.0 x 300 0.21819294948148818 0.17111693766916555 2.6851499288678733 -0.18141712872370608
8.0 x 301 0.22153944777010998 0.16709022319553885 2.6851499288678733 -0.38098097023024735
8.0 197 302 0.22058594084352276 0.16981920021156527 2.485548563042334 -0.12808013918505434
8.0 198 303 0.215964176267666 0.17877435504955463 4.090335054908738 1.4658635018158934
8.0 199 304 0.2145344933750216 0.17545612194294688 4.27720588917804 0.2306496824836115
8.0 200 305 0.21360859113445058 0.17507073963758626 4.4907564461535365 0.1979708496363184
8.0 x 306 0.2170856027379885 0.16787732134929828 4.4907564461535365 -0.6650399473928648
8.0 201 307 0.2141576841043889 0.17366950754348828 4.540847248184065 -0.11601191175355652
8.0 202 308 0.2126973983166088 0.18089217541102406 4.001193288998078 -0.21643189724869316
8.0 203 309 0.2105051510247582 0.18120252648656135 3.7773445694202716 -0.11417613211068245
8.0 204 310 0.20874873146980458 0.17999097974358277 1.9172064790654284 -1.6477915323065901
8.0 205 311 0.20899583529846005 0.18503038416752599 3.0863361654125927 1.0735150754758558
8.0 x 312 0.20723224848170727 0.1901475266939852 3.0863361654125927 -1.919692902509818
8.0 206 313 0.21055158252786144 0.18738985331042168 2.6779684384224947 -0.40902117996981735
8.0 207 314 0.20891482680484197 0.18862602613624205 5.082170468892301 2.137415950150684
8.0 208 315 0.206853695234389 0.19364156768316734 5.788132235537965 0.6033623953846643
8.0 209 316 0.20705354201685566 0.19098705925983173 5.600952230043134 -0.12389766881122455
8.0 210 317 0.2078041370206693 0.19450870936721593 5.286491021554041 -0.672043558331759
8.0 211 318 0.2108121678413549 0.20451129696443882 4.75089664986419 -0.5503544384377124
8.0 212 319 0.21057882166503297 0.19817018263726763 5.1579567525519865 0.5778017650361233
8.0 213 320 0.21313571694804628 0.20095091272633114 4.446661728480868 -0.5127532511842059
8.0 214 321 0.213001927437047 0.20671814359552268 4.619461179675312 0.11571292290819546
8.0 x 322 0.2156845453980983 0.2130200534126382 4.619461179675312 -1.1085640517658497
8.0 215 323 0.21547261059922304 0.21229648636621729 4.208928949109614 -0.44284486796931866
8.0 216 324 0.21418302210024504 0.21103540187627085 4.361754921874196 0.19171186769030157
8.0 217 325 0.21126402863519134 0.21031751870338916 4.90328760088301 0.30050008279306795
8.0 218 326 0.20998307413440565 0.2136238779881198 5.278835327197887 0.5360949271221145
8.0 219 327 0.2108078866321568 0.21047856730979964 5.128623097409561 -0.2009393928042833
8.0 220 328 0.209512616901691 0.20564179995022036 5.248525174619522 0.0472164068868155
8.0 221 329 0.2096440778991457 0.20811558692065565 5.157021871475578 -0.12259288287867687
8.0 x 330 0.2103302045663257 0.20601496818497847 5.157021871475578 -1.2364228568850537
8.0 222 331 0.2106123511655111 0.213384386260507 5.035526237097022 -0.10983094243543867
8.0 223 332 0.20717930249233352 0.20377813439312709 5.755162076634194 0.8235878107982835
8.0 x 333 0.20637382125538845 0.1995560254109294 5.755162076634194 -2.843532703280683
8.0 224 334 0.20820268520351334 0.20185928529846156 5.123130608667476 -0.3659563067343319
8.0 225 335 0.20744401701751713 0.1958400890660025 4.14533071191096 -0.7986501017821945
8.0 226 336 0.2070943705335691 0.19099419026888623 3.6283424579703416 -0.4546915087750003
8.0 227 337 0.2065184951339299 0.18309662467050894 3.703827678360404 0.09066616394377114
8.0 228 338 0.20741532846416885 0.19114830242598738 4.366773535375488 0.5676013445235695
8.0 229 339 0.20644934922252875 0.1977578732680519 5.114776415076846 0.6764576647157385
8.0 230 340 0.20791677642171336 0.20236110921061293 4.196740872829189 -0.8373646608533596
8.0 231 341 0.20380530561927634 0.19665534363645443 3.2034209639491635 -0.7880784488616754
8.0 x 342 0.20322665457487027 0.20454017389421042 3.2034209639491635 -2.5740586006122506
8.0 x 343 0.20651531503050846 0.19849181279108233 3.2034209639491635 -5.871316689333119
8.0 232 344 0.20736121332281882 0.19418791263014387 3.375281964904113 0.0737707296267458
8.0 233 345 0.20585552669183826 0.18360625700628758 4.928359102123446 1.423445781116421
8.0 234 346 0.20560962682617884 0.18283132419330603 5.834685139517636 0.7314280989893716
8.0 235 347 0.2052661002488066 0.1842063028861783 5.43965484506052 -0.27826451188016765
8.0 236 348 0.20506438743184147 0.1810395365685837 6.1522216570692505 0.4940295090970883
8.0 237 349 0.2044143979112513 0.18675011956619822 6.080137189722943 0.036275652109452494
8.0 238 350 0.20676075942268668 0.17843657061064627 5.75124265939876 -0.6124536843837927
8.0 x 351 0.20558683343702774 0.17524122488969907 5.75124265939876 -1.3026853232645754
8.0 239 352 0.20518135661764972 0.17865168501756484 5.991605249888091 0.22964387842968925
8.0 240 353 0.2054401623674987 0.18331395210195936 5.914638290374205 -0.09642446356272405
8.0 x 354 0.20672058831663426 0.17953106714656228 5.914638290374205 -0.23338618714310044
8.0 241 355 0.20875097168077267 0.17956598397317522 5.182209987101668 -0.42925215668649663
8.0 x 356 0.20762938753064383 0.18073276696662635 5.182209987101668 -1.400502368679862
8.0 242 357 0.20734006882106967 0.18275881411520786 3.9255773692747615 -1.0150546020549571
8.0 x 358 0.20892526557336097 0.1949367383475471 3.9255773692747615 -4.123761272474503
8.0 x 359 0.2098469671052132 0.18330686173591382 3.9255773692747615 -3.2491213017815905
8.0 x 360 0.2117689901849911 0.17739390542058153 3.9255773692747615 -0.43764172307484106
8.0 x 361 0.20554106992687063 0.1805764272440266 3.9255773692747615 -1.4812535263486764
8.0 243 362 0.20877672887741777 0.1866917210890158 5.4900817496682475 1.1572082141323525
8.0 x 363 0.21137434525311505 0.18513995711423117 5.4900817496682475 -0.600523386189967
8.0 x 364 0.21150752704452677 0.18991194810371187 5.4900817496682475 -1.7078934553603906
8.0 x 365 0.21028503285920697 0.1803593145432652 5.4900817496682475 -0.6307738964460814
8.0 x 366 0.21092626129649855 0.19875301426868733 5.4900817496682475 -2.134227903797246
8.0 244 367 0.20881087599038806 0.18561669836584382 5.483725937765664 -0.02041467491644866
8.0 x 368 0.20963698460629043 0.18860081704123183 5.483725937765664 -0.31721962562888883
8.0 x 369 0.2086396179144877 0.18312461829993407 5.483725937765664 -0.22552587053832074
8.0 x 370 0.2092531535104279 0.1808608900391119 5.483725937765664 -0.919155442574974
8.0 245 371 0.20760940869533534 0.1891710126538162 4.948374049488866 -0.8380937187003266
8.0 246 372 0.20565838394339733 0.18917829786795382 6.041101987550727 1.3730908847037693
8.0 247 373 0.20478715393018104 0.1837059284323887 6.204192962001821 0.17683952977998985
8.0 248 374 0.20459288342984724 0.19379397416653774 6.249940846791944 0.08310556564076244
8.0 x 375 0.2046251067477171 0.1861223500170025 6.249940846791944 -0.8829247741696493
8.0 249 376 0.20192033164231762 0.18734004004138563 6.262887989850554 0.2589823408898573
8.0 250 377 0.20477268375663993 0.20359049797945272 5.923166230111246 -0.7600576237163663
8.0 251 378 0.20482180792362709 0.19657506386667675 6.108890782788306 0.27362923901463354
8.0 252 379 0.2048824301051996 0.19956633368606347 5.954165866952234 -0.20332964073370086
8.0 253 380 0.20272945539535217 0.193867204853425 6.38799554361485 0.7668541594459031
8.0 254 381 0.20403267426935157 0.19408167167704912 6.11682921935768 -0.2782832163566171
8.0 255 382 0.20284064491459583 0.18946420576938028 6.325082187505356 0.22570457873879324
8.0 256 383 0.20285863906725968 0.18623435797901636 6.528289647896481 0.10170411604555163
8.0 x 384 0.2047097956802378 0.1840646799842209 6.528289647896481 -0.36726257215180436
8.0 257 385 0.2028714520079864 0.19505144029336285 5.685901906972406 -0.6065710797688988
8.0 258 386 0.20376658819793744 0.20095317261846396 6.357001853689487 0.4344371096165842
8.0 x 387 0.20483454333573625 0.19961163208416896 6.357001853689487 -0.26449655791454685
8.0 259 388 0.20192233336792942 0.19428464119049865 6.734378785806729 0.3039032417456431
8.0 260 389 0.20627108525855356 0.20082771626222062 5.719490830621395 -0.881863568476466
8.0 261 390 0.20847148173873847 0.20251097024523249 5.470960861153316 -0.336732584829071
8.0 262 391 0.208263284980513 0.19837564288954015 5.455438659211689 0.012867034043262393
8.0 263 392 0.20938045677430178 0.20295493138494064 5.364829906657911 -0.16827837764651665
8.0 264 393 0.2087310281570555 0.19436981769042208 5.3586126111294785 0.07051771755186298
8.0 265 394 0.20847094292693438 0.1902581400285931 5.502122552691259 -0.04589542077027975
8.0 266 395 0.20946675372435156 0.19391741839648985 5.212874662895894 -0.3546825715579116
8.0 267 396 0.21244396083289266 0.20367039102603166 4.6738023444417 -0.29611458201482144
8.0 x 397 0.21562739757982363 0.2093257923405453 4.6738023444417 -0.8518865944278122
8.0 268 398 0.21132630087960985 0.20218482897721382 5.0420208074756205 0.2550041593434438
