4.0 x 0 0.5377838964067219 0.6349254079475675 -125.0728842391795 -46.30782346746182
4.0 x 0 0.5377838964067219 0.6349254079475675 -125.0728842391795 -46.30782346746182
4.0 x 1 0.5521417532299063 0.6505864202488267 -125.0728842391795 -5.154994396997289
4.0 1 2 0.545576865539843 0.643470025726956 -117.03103957253724 7.99104492139675
4.0 2 3 0.5442799275925793 0.6420516986619207 -88.76440039713793 27.945626449406134
4.0 x 4 0.5426115777782429 0.6399770824712562 -88.76440039713793 -55.187700732343515
4.0 3 5 0.5397759950423943 0.6368417633031559 -86.27351596470658 2.482682021349987
4.0 4 6 0.536791214139134 0.6337186858950647 -77.79927207570508 8.34671009909001
4.0 5 7 0.5268041479198621 0.6224254270817876 -70.58431766365639 7.123876535178482
4.0 6 8 0.5270623590829975 0.6226276300915544 -64.95139213963239 5.467827599504787
4.0 7 9 0.5210762084100347 0.6161821293553902 -57.7867368335282 6.804864958611141
4.0 x 10 0.5206150794559277 0.6156599535572811 -57.7867368335282 -0.4320321647782279
4.0 x 11 0.5277184798064048 0.6236270998887137 -57.7867368335282 -8.054973808334076
4.0 8 12 0.5123996914007763 0.6063113699179745 -57.34357004909235 0.5608028209207419
4.0 x 13 0.516734418849772 0.6110566171280398 -57.34357004909235 -1.9541135791121462
4.0 9 14 0.5188455643609401 0.6130899626678691 -57.7722463410443 -0.5086625526965349
4.0 x 15 0.5286337030572305 0.6240454346107069 -57.7722463410443 -6.8946400052449235
4.0 x 16 0.5164228906449199 0.6105171869893669 -57.7722463410443 -0.8034018090220911
4.0 10 17 0.5078213548916195 0.6008837395434538 -58.360493728453335 -0.37901750791878897
4.0 x 18 0.5069862724083835 0.5998997789065559 -58.360493728453335 -3.1141852897495923
4.0 11 19 0.5048075749789636 0.5973250919483944 -56.23057018064186 1.4631223682330585
4.0 x 20 0.495206123208793 0.5865409589219148 -56.23057018064186 -0.5408861299028871
4.0 x 21 0.5006300989327858 0.5925433018332393 -56.23057018064186 -2.585744413012115
4.0 12 22 0.5054971850221888 0.5979174032751268 -56.273418706456596 -0.04230557038594185
4.0 13 23 0.5081516807258578 0.6006993318738133 -55.39205043109945 1.0814006104673837
4.0 14 24 0.5081938176957411 0.6006317180079843 -61.601802367249114 -5.591693671177836
4.0 x 25 0.5072667026853763 0.599934754209225 -61.601802367249114 -5.272833517827969
4.0 15 26 0.5075392356932522 0.6000409400594183 -57.411871311122354 3.9975210411111775
4.0 16 27 0.5026007492133179 0.594717274848399 -58.127391483120974 -0.6057592497221904
4.0 x 28 0.5102698767011197 0.6031555690770027 -58.127391483120974 -3.295417753001928
4.0 x 29 0.5000533303444864 0.5919577405634698 -58.127391483120974 -11.324587960320677
4.0 17 30 0.5093790575020432 0.6022109134055315 -55.70626828863032 2.0930500389072506
4.0 x 31 0.5032164873743162 0.5951506822070104 -55.70626828863032 -5.228239393393295
4.0 x 32 0.5131778073997131 0.6063642931061731 -55.70626828863032 -1.92588902737171
4.0 x 33 0.5159714336633164 0.6096475177466785 -55.70626828863032 -3.9133052857482014
4.0 18 34 0.5142692885772059 0.6076785933842354 -57.129744878854495 -1.3363413381779807
4.0 19 35 0.5190078529735727 0.6127986159888957 -57.18596155476989 -0.4278564635273696
4.0 20 36 0.5245672063220291 0.6187434586409168 -60.782275044831515 -3.922020843703187
4.0 21 37 0.5245522209263955 0.6184053090381922 -58.116896580960635 2.948650844642529
4.0 x 38 0.5248433287202351 0.6187844895101863 -58.116896580960635 -0.07922372338623518
4.0 22 39 0.5249881189910655 0.6188536972930386 -59.28734624302358 -1.321943175517859
4.0 x 40 0.5242832543618117 0.6180486541416113 -59.28734624302358 -2.4001842811971557
4.0 23 41 0.5294833716647328 0.6238955776325212 -58.3459522614756 1.2504495733897798
4.0 x 42 0.5254720983224644 0.61910424477289 -58.3459522614756 -1.1095647863021583
4.0 x 43 0.5292871959506114 0.6234708883852543 -58.3459522614756 -1.23763083225937
4.0 x 44 0.5358269327254142 0.6309084263924855 -58.3459522614756 -7.619157483961075
4.0 x 45 0.5329627461469515 0.6276095513933768 -58.3459522614756 -1.1931594845042568
4.0 x 46 0.5365473064753249 0.6317980572206519 -58.3459522614756 -2.273052339561609
4.0 x 47 0.5294152093121867 0.6238791644533025 -58.3459522614756 -1.2084816526971025
4.0 24 48 0.5248601792119072 0.6185274429643247 -58.71009902749714 -0.13402576175066372
4.0 25 49 0.5251907193011951 0.6190317667901588 -58.48311450851655 -0.20646178555132622
4.0 26 50 0.5251239240908125 0.6185605650329744 -57.99367577384494 0.565999751033182
4.0 x 51 0.5333374989775113 0.6278277496591355 -57.99367577384494 -0.8204249252842999
4.0 x 52 0.5294892346643123 0.6234784837530032 -57.99367577384494 -3.70972470284579
4.0 27 53 0.5187518316223908 0.6113788814514854 -56.833891473506185 1.2674202228298483
4.0 28 54 0.5227955463919515 0.6159074981452912 -57.62664875375846 -0.6714844731527307
4.0 29 55 0.5220227016924934 0.6146869960789045 -59.33222811862628 -1.503069107683352
4.0 30 56 0.5185675443711142 0.6111916964924438 -57.800718936412224 1.4582999400956211
4.0 31 57 0.5115936290997938 0.6036862706329307 -56.379190564306256 1.0377775341491215
4.0 32 58 0.5079560170894131 0.5995641832008181 -55.77389936320214 0.6340484718255723
4.0 x 59 0.5011824901859862 0.5920304708960473 -55.77389936320214 -2.7368158095089683
4.0 33 60 0.5063692867161032 0.5979035468449729 -55.200228602254484 0.8466604688204029
4.0 34 61 0.5034925534845434 0.5943722161516162 -54.60893078452156 0.47175308915488046
4.0 x 62 0.5101580261536814 0.6021329693598829 -54.60893078452156 -3.146716341633912
4.0 35 63 0.5052872939055089 0.5966758507864821 -55.586974587775046 -0.762058634425685
4.0 36 64 0.5066136392532655 0.5982141698561007 -55.12081387823197 0.33339964954154766
4.0 x 65 0.506166501678568 0.5976248820043917 -55.12081387823197 -0.6410189873301704
4.0 37 66 0.49517533336807806 0.5853341219807009 -53.67505843365412 1.300610275666294
4.0 x 67 0.5036912330804094 0.5950415864204229 -53.67505843365412 -6.159019217293817
4.0 38 68 0.49104659940905615 0.5808335056598349 -52.72769756102711 1.0838735627111404
4.0 39 69 0.48686341914592457 0.5762551918586043 -52.962806083937075 -0.4267407357134516
4.0 40 70 0.48499730173957417 0.5742921946247288 -52.94787791600867 -0.008678044088341608
4.0 x 71 0.46574511267317453 0.5527417159643425 -52.94787791600867 -1.7773815760808134
4.0 x 72 0.4923091596554565 0.582490734583689 -52.94787791600867 -2.392881096617934
4.0 41 73 0.4754477138858454 0.5634843331064089 -50.423652830763906 2.892452044648458
4.0 x 74 0.47667497546225057 0.5648032744213027 -50.423652830763906 -0.6839843112707058
4.0 42 75 0.46972529732560064 0.5570257571438871 -49.42915346294762 0.9221431651828098
4.0 43 76 0.4670955748566263 0.5542675705939611 -49.33555474199444 0.2546292783465276
4.0 x 77 0.46468851963193414 0.5513291503765295 -49.33555474199444 -0.4358818115093044
4.0 44 78 0.4670611835947413 0.5541092532968909 -49.01972192907573 0.2250481235037256
4.0 x 79 0.4719784258106136 0.5595045523740786 -49.01972192907573 -2.5370821385873796
4.0 x 80 0.4666966953366471 0.5535612540811421 -49.01972192907573 -1.0492158027533875
4.0 45 81 0.4700130322759991 0.5572518959694758 -49.52834244610123 -0.4942716227653392
4.0 46 82 0.4691601877951117 0.556148225122423 -50.112170173089666 -0.42801330422233264
4.0 x 83 0.46963164105362687 0.5564858588385104 -50.112170173089666 -1.6749126740710736
4.0 47 84 0.4665265097393987 0.5532655375551391 -49.60838717909131 0.497411088634621
4.0 48 85 0.45790839491930535 0.5434475946084578 -49.58386103971593 0.19026480544815882
4.0 49 86 0.4512980519202219 0.5357267646179049 -48.102357111048455 1.4801739337098638
4.0 50 87 0.44840677188677874 0.5324224942449992 -47.637785901353325 0.4675386110588775
4.0 x 88 0.4487771364406423 0.5329293267655753 -47.637785901353325 -2.144612032373942
4.0 51 89 0.44363871023471635 0.5267958068809674 -45.76460439778475 1.776888450684254
4.0 52 90 0.4303928248287132 0.5114771253846745 -42.90450986883211 2.747551134950477
4.0 53 91 0.4309538821208508 0.5118112056414101 -43.166194178806506 -0.17190062087452418
4.0 x 92 0.44070459112051547 0.5227867568032452 -43.166194178806506 -2.220281653283081
4.0 x 93 0.42631603826881115 0.5062958356668915 -43.166194178806506 -1.1211311583743964
4.0 x 94 0.4357299258444198 0.5173028414997015 -43.166194178806506 -10.444027625899203
4.0 54 95 0.4193653527868368 0.4981824905759438 -41.19722080766185 1.820045059729722
4.0 x 96 0.42303826250651444 0.5026068384116555 -41.19722080766185 -1.240226313187982
4.0 55 97 0.41230472011304936 0.48998949268393704 -40.18073427944764 1.3213347819436478
4.0 56 98 0.3939722412374401 0.46860917900962684 -36.56962870287816 3.661305820871192
4.0 x 99 0.4055843344394166 0.48222976854306965 -36.56962870287816 -5.998096222944952
4.0 x 100 0.406193758671843 0.48288610479122435 -36.56962870287816 -3.1858544352907714
4.0 57 101 0.3941284388864831 0.46875268188780767 -36.34566877680248 0.10845559515470171
4.0 58 102 0.3926673653220122 0.46705193089964614 -37.485926170469774 -0.8668738557538802
4.0 59 103 0.3927527437685073 0.46726857451944 -37.06738904504067 0.3724702293332385
4.0 60 104 0.3917347496965343 0.46609696996107436 -36.349571270386505 0.3432308433652693
4.0 61 105 0.3857855959845313 0.45905902132291837 -34.902303087947395 1.5446710121650895
4.0 62 106 0.371952513213067 0.44252764233469405 -32.17454907100094 2.8047997090562333
4.0 63 107 0.3660155115673512 0.43544752593818764 -31.117579696176648 1.2958908568840712
4.0 64 108 0.3511791722638751 0.41738741297906296 -30.41373473933476 1.0207418347877173
4.0 65 109 0.35028089571670495 0.4162496753131555 -30.043272523656512 0.3747124945978335
4.0 66 110 0.3577334888903083 0.4252912455355618 -31.249471075395178 -1.263716690657013
4.0 67 111 0.3590691945216985 0.42694649477092544 -30.70025299989271 0.4718621971352377
4.0 x 112 0.36424039814654974 0.4331395945176127 -30.70025299989271 -5.81373801997367
4.0 68 113 0.3552120346787517 0.4222275576706421 -30.140037078747397 0.5990706005288686
4.0 69 114 0.3557104035430206 0.4228624901550482 -28.735737472915027 1.0829006701682218
4.0 x 115 0.36766785606309843 0.43743336611629574 -28.735737472915027 -3.927379333471741
4.0 x 116 0.3697417121626731 0.43988554904770744 -28.735737472915027 -2.9668797391704445
4.0 70 117 0.34908485366008657 0.41488017362278307 -27.931984019661513 0.7012873343401225
4.0 x 118 0.3540053327325643 0.4209433978572166 -27.931984019661513 -1.3311930995211263
4.0 x 119 0.3532988840171469 0.42004202433749166 -27.931984019661513 -1.5602652819312368
4.0 71 120 0.34908056387671177 0.41481923834052625 -27.57741556807744 0.667224594440313
4.0 x 121 0.3491644408963268 0.4149634975092115 -27.57741556807744 -1.5548499515561716
4.0 x 122 0.3561939880893305 0.4234998549557186 -27.57741556807744 -1.5939836544119963
4.0 72 123 0.34352632773574426 0.4080403049581396 -26.676913529095792 0.9892331500232032
4.0 x 124 0.3474573195806609 0.41279477317227864 -26.676913529095792 -1.2167317041940642
4.0 x 125 0.33569501652372785 0.39830962273482545 -26.676913529095792 -5.070054444670838
4.0 73 126 0.3498727705431587 0.41593791450027595 -27.80452364317815 -1.472865667811483
4.0 x 127 0.3641105208950309 0.43337908813988535 -27.80452364317815 -2.6064464954098874
4.0 74 128 0.3462886312745058 0.41146750063074916 -27.33448999048152 0.4460506118028924
4.0 75 129 0.3422437463315654 0.40658239481388053 -26.36320787808352 1.0070307474563016
4.0 76 130 0.34278083057950653 0.4073236041924909 -26.543074654758442 -0.19090518034396098
4.0 77 131 0.32875505633431745 0.3895210341928331 -24.592030333531888 2.523068570963325
4.0 x 132 0.3260453496586564 0.3858827834055095 -24.592030333531888 -3.0475475691020364
4.0 78 133 0.33715458456141856 0.39994124309225376 -26.201467742697034 -1.682741481863161
4.0 x 134 0.3519875388729506 0.4184365332352546 -26.201467742697034 -6.738032791406333
4.0 79 135 0.34164556210654634 0.40565466274849427 -25.752249071411136 0.09694769257506408
4.0 x 136 0.34746613176518537 0.41292463080919434 -25.752249071411136 -1.5225645106001835
4.0 x 137 0.3479008440331553 0.41340680689693016 -25.752249071411136 -1.349298722746049
4.0 x 138 0.3566442010978691 0.42411289368152916 -25.752249071411136 -3.178140775244767
4.0 80 139 0.33528443723006535 0.3979633251792553 -24.38064113232034 1.3912478339439893
4.0 81 140 0.3256425556246236 0.38599071419771097 -22.173018831519848 2.2739053233506574
4.0 x 141 0.3371840457603526 0.4002870691134693 -22.173018831519848 -2.7895662566375456
4.0 82 142 0.3182241539861003 0.37649278714491674 -20.414254992388404 1.8408343945056878
4.0 x 143 0.3262304593184939 0.3863615597966072 -20.414254992388404 -2.962097134666923
4.0 x 144 0.32669390439703266 0.38700019473394076 -20.414254992388404 -2.6669950408342054
4.0 83 145 0.3145118647525548 0.3715945213768685 -19.639100982312534 0.8906385956551794
4.0 84 146 0.31280150078123375 0.36914826400016193 -19.224517284995358 0.27036618701005466
4.0 85 147 0.3130648697264748 0.3689601442971485 -19.193550297622924 0.09180233212626732
4.0 86 148 0.3225559215292606 0.3812639831442218 -21.522303534307838 -2.44149475165084
4.0 87 149 0.3247624032158531 0.3843293437517916 -22.0529715836502 -0.3825561450996524
4.0 x 150 0.3255411985255493 0.38516971340406236 -22.0529715836502 -2.0422946590283892
4.0 88 151 0.311598812557649 0.3675294939905992 -18.984434289312716 3.1557850456498535
4.0 89 152 0.30825848501573544 0.36375942912152853 -18.338222987775374 0.4540122102814266
4.0 90 153 0.30407817588265923 0.3583128580187773 -17.406462428209927 0.9382212261183938
4.0 x 154 0.30717037705894695 0.36190402209683487 -17.406462428209927 -0.23510831703338297
4.0 x 155 0.3169702897261232 0.37488455615910254 -17.406462428209927 -2.993521702140363
4.0 91 156 0.3054697855117032 0.3599057099964385 -17.361089060849316 0.18545393670294885
4.0 92 157 0.3010878936246934 0.3539097616560122 -17.598848643074604 -0.48096256720504726
4.0 93 158 0.30085280188538893 0.3532487456176074 -19.2088939257006 -1.7599007640524391
4.0 94 159 0.2932045147279964 0.34299450651915614 -15.577934890399224 3.8484002356366354
4.0 x 160 0.29200480921820143 0.34099415097893576 -15.577934890399224 -6.869100628412486
4.0 95 161 0.29541140889115874 0.3459950698701629 -14.91607440383681 0.8672875418746422
4.0 x 162 0.29383594850502215 0.3438012771529391 -14.91607440383681 -0.08792283517184529
4.0 x 163 0.29818694396268836 0.3496964191795233 -14.91607440383681 -2.0180182482540197
4.0 96 164 0.2974657754536258 0.34933686280887927 -15.662063402868693 -0.8367397958836627
4.0 x 165 0.2994888086174368 0.3519439672793523 -15.662063402868693 -1.9659362007938341
4.0 97 166 0.29807430943874375 0.3506283597792541 -15.562423361545147 0.2612600404271035
4.0 x 167 0.3015643667297577 0.35438403138772734 -15.562423361545147 -2.0206921148092185
4.0 98 168 0.29264956368895023 0.3437573828745227 -14.708993380239601 0.6787046754089232
4.0 99 169 0.2846926618248332 0.33282175096043703 -13.665823948573092 0.9679095124960391
4.0 100 170 0.2824638426261531 0.32984112962593487 -11.819398838407265 2.0406244877588
4.0 x 171 0.2959179122726244 0.3484937813840859 -11.819398838407265 -3.142574140934398
4.0 101 172 0.27930743102804956 0.32561242730760565 -10.724517565620964 1.2027021674431193
4.0 102 173 0.2751286769315744 0.3198538068096821 -10.104354379192758 0.5195867835918531
4.0 103 174 0.27308341301883476 0.3163688512491081 -9.601493919559395 0.5167566474085508
4.0 x 175 0.26760758777587823 0.3071758975529502 -9.601493919559395 -1.3721727333697
4.0 104 176 0.26976501224564964 0.3104746091591756 -9.162918770081141 0.3998042631646257
4.0 x 177 0.2621773294712093 0.2991470425067458 -9.162918770081141 -2.7027817792722573
4.0 x 178 0.26359528101495516 0.302435023253066 -9.162918770081141 -4.901907520259053
4.0 105 179 0.2627281378254968 0.29752345877652747 -7.9700107088760985 1.1701304320145782
4.0 106 180 0.25703952297511584 0.2882347912829882 -6.163731556271074 1.862457874281513
4.0 x 181 0.26377635581992886 0.3001817858979139 -6.163731556271074 -2.5849328173287844
4.0 x 182 0.25596842386982516 0.28717671923352317 -6.163731556271074 -8.467569043875427
4.0 107 183 0.2533697472970247 0.2813672286013915 -4.4085742350004455 1.8533440784347928
4.0 108 184 0.25483148670960715 0.2823589172287672 -4.380098814557016 0.08644442782432016
4.0 109 185 0.2497237461201239 0.27430437681545805 -3.9440479717278905 0.33290083226231815
4.0 x 186 0.246957537785184 0.267660009351403 -3.9440479717278905 -2.58561475568367
4.0 x 187 0.25313140079063046 0.2805966608340174 -3.9440479717278905 -1.3502438132050223
4.0 110 188 0.2517453503858324 0.27767456481642466 -4.1242260740278365 -0.16332416266810945
4.0 x 189 0.26199181284857603 0.29628565546548447 -4.1242260740278365 -3.044597486356322
4.0 111 190 0.24501227755823274 0.2689051902786328 -4.095339704262736 -0.10296543013437187
4.0 x 191 0.25056234158932184 0.27769469029959715 -4.095339704262736 -1.8859623948520818
4.0 x 192 0.24601199871562354 0.270016009103241 -4.095339704262736 -3.2477866756589506
4.0 x 193 0.23832443902367856 0.25803933805751056 -4.095339704262736 -1.247821885314928
4.0 x 194 0.24787999035051403 0.27225916777751036 -4.095339704262736 -1.4152509258756396
4.0 x 195 0.24116215686342293 0.2597759978546594 -4.095339704262736 -0.8163146559335379
4.0 112 196 0.24416867168916875 0.2652644523193902 -0.7869410592435324 3.67819877352622
4.0 x 197 0.2372385875743263 0.25209016300292175 -0.7869410592435324 -0.5368282815006784
4.0 113 198 0.24135737404738927 0.26049631447084465 -1.3321631951620616 -0.743583843620407
4.0 x 199 0.25164385439404446 0.2793415809629497 -1.3321631951620616 -3.701818574583372
4.0 x 200 0.2476614291360437 0.26817106880030006 -1.3321631951620616 -0.3786891871228235
4.0 x 201 0.24396551121268586 0.26335332552343726 -1.3321631951620616 -3.879189787420899
4.0 114 202 0.23916983755474966 0.255795743617557 -1.2751587742019443 0.022166919067805102
4.0 115 203 0.23751540938794202 0.2544131765399861 0.190258356108979 1.5729307186447752
4.0 x 204 0.2370747605746839 0.2535356680109189 0.190258356108979 -4.12699454601658
4.0 116 205 0.23859307659449283 0.25703682907305864 -0.3594186859148112 -0.5867425418681216
4.0 117 206 0.23477464850306407 0.24612690383113306 1.9535609669003628 2.5090768478956216
4.0 x 207 0.23973398833005802 0.2558834061302273 1.9535609669003628 -1.16229580017279
4.0 118 208 0.23534470865879198 0.24938123882804264 1.8326730988151687 -0.1071759560111647
4.0 119 209 0.23529078302667158 0.24761918573461741 2.0855604990772676 0.3698163492960256
4.0 120 210 0.2342701877964689 0.24476082932790666 1.9599913662205068 0.037426036902211024
4.0 121 211 0.22954737686112645 0.23429009002799525 3.657629230909494 1.7004125621549537
4.0 122 212 0.22760721571126813 0.22852037119198648 3.7815985472716984 0.2201340498339781
4.0 123 213 0.22468303691183694 0.21286051243423512 4.004168361875404 0.32095836389063637
4.0 x 214 0.2249701364568204 0.2141435986788256 4.004168361875404 -1.843381055658453
4.0 124 215 0.22313838424216045 0.20925104175368453 6.0363318698251005 1.7759161754140598
4.0 x 216 0.2259457561167308 0.20909179872734382 6.0363318698251005 -1.0744129050757039
4.0 x 217 0.2257582465361541 0.21873579250583008 6.0363318698251005 -0.8832555124834363
4.0 125 218 0.22612101402367296 0.2175049988305088 5.0408737077915005 -1.0347998513173025
4.0 126 219 0.22641907254020197 0.2164071569374731 4.947049829486528 -0.05800345050024269
4.0 x 220 0.22830093684896866 0.2171228958202188 4.947049829486528 -0.894347332645478
4.0 127 221 0.22567516744128355 0.21285864774703508 5.157535886785171 0.16134595523399486
4.0 128 222 0.22357587238098098 0.20721945195253444 5.184897162326642 0.281188396559541
4.0 x 223 0.2265779958727771 0.20816030173186487 5.184897162326642 -1.5525357109805666
4.0 129 224 0.2221028872758118 0.20985974829826612 6.33253970867438 0.9171248156559937
4.0 x 225 0.22307236008606088 0.21658498117138403 6.33253970867438 -2.9958472203085105
4.0 130 226 0.21975203680096084 0.2024991211950635 7.150184941157091 0.9262280494054664
4.0 131 227 0.21954219311288095 0.1990030119179946 6.767591352811122 -0.27631108967931084
4.0 132 228 0.21848334939995118 0.19985462387624864 7.5769249009813775 0.6989497008894334
4.0 133 229 0.2172639743734556 0.20394639507868037 7.832070297909073 0.33654891899324557
4.0 134 230 0.21567894838681193 0.19978469619538858 7.201089920049727 -0.45841171360869204
4.0 135 231 0.21584303781876646 0.18876967568598585 8.483829273525695 1.0501683072182146
4.0 x 232 0.21863494430284944 0.183839528973134 8.483829273525695 -1.4854111509682193
4.0 x 233 0.2165552132440274 0.1929005134824702 8.483829273525695 -1.908266143570959
4.0 136 234 0.21477857153504445 0.18823359784795946 8.87792097756853 0.3803565514135414
4.0 137 235 0.21516825873277767 0.18537845788707785 8.408650492634443 -0.3476761157614181
4.0 138 236 0.2152772266381659 0.18808861222479567 7.38622306821393 -0.9019408897307386
4.0 139 237 0.21775288797877018 0.18452322441447755 7.303095434380078 -0.20110159773699188
4.0 140 238 0.216575842828323 0.18615279646205998 8.222158483942694 0.8122949947393394
4.0 141 239 0.2160346790890691 0.17501459057760535 7.977422821752774 -0.13556304430565103
4.0 142 240 0.21562214200606214 0.1786714535370179 8.586916452338789 0.448792225186728
4.0 x 241 0.21504462766435 0.17926310450242475 8.586916452338789 -0.8175196285383448
4.0 143 242 0.21672434962975065 0.17817488031040044 6.8050956773154585 -2.075918399875288
4.0 144 243 0.2181395470436754 0.18607637014948797 6.9431042882062695 0.19494961720577564
4.0 145 244 0.21675194500910863 0.1909664143705719 8.086360074277382 1.4457468778665792
4.0 146 245 0.21529183901190566 0.19271188096996528 8.46660976339281 0.20853378934525146
4.0 x 246 0.21560070895413708 0.19504492381328176 8.46660976339281 -1.7813442848287169
4.0 x 247 0.21908098892542432 0.19724403159995504 8.46660976339281 -2.5018555818048203
4.0 147 248 0.2144674404009538 0.1903754055405274 8.986223634844514 0.6249839192884039
4.0 x 249 0.21598182165839894 0.1797418839293895 8.986223634844514 -1.1815540708405488
4.0 x 250 0.21809353708313586 0.18927832577361908 8.986223634844514 -1.7009879166784554
4.0 x 251 0.21574188379201825 0.19340955180672822 8.986223634844514 -1.9236157874060513
4.0 148 252 0.21439683177806768 0.18523091158959662 8.045039785731124 -0.7001492451803593
4.0 149 253 0.211223864144781 0.17726136249656577 10.113827173896134 1.8979038516519218
4.0 150 254 0.21023192991136916 0.16706483061948957 10.096288610734328 0.09675574803473985
4.0 x 255 0.21391161576480944 0.17060898921601508 10.096288610734328 -1.6648361244068788
4.0 x 256 0.21267035508884327 0.16052026160593555 10.096288610734328 -3.8289125965306203
4.0 x 257 0.20814338971601673 0.1708820158361146 10.096288610734328 -4.44607865381375
4.0 x 258 0.2130608910869367 0.17369849160366907 10.096288610734328 -1.1802747593418896
4.0 151 259 0.2137503578763063 0.1633540095205914 9.235848362529495 -1.0220030421912458
4.0 x 260 0.21766692887650588 0.1573851529710253 9.235848362529495 -1.7119264302724257
4.0 x 261 0.21548860459753907 0.16021729446996813 9.235848362529495 -1.3345703461667107
4.0 152 262 0.213279861923233 0.1561458004507242 9.401838863230715 0.16549428381078002
4.0 153 263 0.20967472783146496 0.15687049621425866 9.742875270705847 0.5753480956855928
4.0 154 264 0.20528156455932858 0.16308179699308478 11.764610834643005 1.6747676609792723
4.0 155 265 0.20613705695111073 0.15565334005936413 11.369556445095906 -0.06943155522500177
4.0 x 266 0.20922323997428358 0.15363662738817124 11.369556445095906 -2.6267919333717256
4.0 x 267 0.20725960057244586 0.1614364918742009 11.369556445095906 -3.242637088830957
4.0 156 268 0.20130532234752985 0.1567549255958771 13.127212529038893 1.8001228949942352
4.0 x 269 0.2002002400994414 0.16100933076703247 13.127212529038893 -2.841260488334134
4.0 157 270 0.20102019650147526 0.151868461657482 13.749452164087527 0.38330830394209237
4.0 158 271 0.19738386173497469 0.1573588143489293 15.164556523691314 1.489011927523249
4.0 159 272 0.1964218456735049 0.15848799699764277 15.127018059264607 -0.1662786183940348
4.0 160 273 0.1997632791065907 0.1547689870295234 14.165155212161393 -0.7606703746428725
4.0 161 274 0.19749897722260082 0.1589980705953818 14.52309581529742 0.10851684179521293
4.0 x 275 0.19805074700837186 0.1574355355011429 14.52309581529742 -5.435347310301653
4.0 x 276 0.20165503138876117 0.1550527169845491 14.52309581529742 -2.1351395168691347
4.0 162 277 0.20060777476362485 0.1581505666580775 12.542341906252751 -2.1194707092946423
4.0 x 278 0.1996874726115466 0.15692104467238666 12.542341906252751 -4.1931287966966
4.0 163 279 0.20081352377713488 0.1602027040774956 12.521771379124448 -0.025935215908280185
4.0 164 280 0.20284089614832687 0.16503643229387832 12.872898779069411 0.4904625996203489
4.0 x 281 0.20392688036380416 0.16325947035510904 12.872898779069411 -1.535066444183327
4.0 165 282 0.2046007819821896 0.168292365117686 12.441083641372424 -0.2711379847798625
4.0 x 283 0.2091266568368538 0.1589945224669153 12.441083641372424 -4.201089552543115
4.0 166 284 0.20609472837618156 0.17112219440259233 11.877407889136295 -0.5689936321751432
4.0 x 285 0.20654125486631394 0.17456583098388315 11.877407889136295 -5.150263343353812
4.0 167 286 0.2048605236887802 0.1749276602741486 12.165863048777872 0.3425279459089179
4.0 x 287 0.20322921583282832 0.17488714041050157 12.165863048777872 -1.1425964324240585
4.0 168 288 0.20335141156963665 0.16861140080286663 12.302115146598828 0.22020749168868115
4.0 169 289 0.20104363244928353 0.17418752390935768 12.602340613444856 0.38365517529702764
4.0 170 290 0.19958395867930614 0.17207290598390032 14.342127332324736 1.526824244596387
4.0 171 291 0.19829068045605694 0.17462190770290092 14.654683954838777 0.40083924822723915
4.0 x 292 0.1986973968912041 0.17372439809296372 14.654683954838777 -0.5175796897903773
4.0 172 293 0.19913561875871033 0.17570424933824308 14.010396865229097 -0.9257898694070512
4.0 x 294 0.2029658759843202 0.18832385658910114 14.010396865229097 -0.8992945883770496
4.0 173 295 0.19884257703005564 0.16765302112286348 14.131920862854141 0.11856253459905375
4.0 174 296 0.1974888041548793 0.16761589362596419 15.01225957010113 1.142214708854251
4.0 175 297 0.19870863387466622 0.16225734860239724 13.646533173208633 -1.240434354773738
4.0 x 298 0.19913656404574978 0.15712196173866602 13.646533173208633 -1.7379449588600977
4.0 x 299 0.2015584956383824 0.15710797666510948 13.646533173208633 -3.9115814414563843
4.0 x 300 0.19695546540617262 0.16107812910749225 13.646533173208633 -1.2623746905052844
4.0 176 301 0.19797810262103527 0.15676671586841653 13.824900995024002 -0.304265343873114
4.0 177 302 0.1963076858304124 0.15454579750356753 14.923525292382388 1.1709942884624116
4.0 x 303 0.19179351035418377 0.16312255593797947 14.923525292382388 -0.13612163128587618
4.0 178 304 0.1953531357044657 0.15181440904522012 15.44839799310932 0.5688754175061419
4.0 179 305 0.1943777966824004 0.15180849086258164 15.695029510971585 0.22939430999828048
4.0 x 306 0.19892021508729882 0.14656090763689572 15.695029510971585 -3.248161194086636
4.0 x 307 0.19497537377975763 0.15112237893893307 15.695029510971585 -1.716153796897439
4.0 180 308 0.19259520340974018 0.15792636998824594 16.745767257109186 1.3735175126687782
4.0 181 309 0.19074863252906823 0.15786903770409078 16.902213275856013 0.266223787178383
4.0 x 310 0.1892941709331866 0.15640437202619573 16.902213275856013 -1.8332140170132156
4.0 182 311 0.1914894207103748 0.1617460385276702 17.193329231560153 0.19501992290872394
4.0 183 312 0.18880479351848053 0.16627042331365965 16.93331515617278 -0.07159954363647714
4.0 184 313 0.19062198214114495 0.16835022540879818 16.023212136532692 -0.9099632744482165
4.0 185 314 0.18956836374525352 0.1691308080210179 18.177940594652483 1.888018401985235
4.0 186 315 0.18849543517138173 0.17396230995589107 18.43106298704977 0.14890016845689047
4.0 187 316 0.18849587064719542 0.17101370348458284 18.58872061457533 0.22149669285374785
4.0 x 317 0.18940283019920376 0.17381242586903198 18.58872061457533 -3.1073338780648285
4.0 188 318 0.189857258975889 0.1796403949389597 18.03279925279493 -0.5707780020814681
4.0 189 319 0.1909706844392315 0.17440022086493295 17.279636858005937 -0.5819385623441278
4.0 x 320 0.19351140470417308 0.176073140072298 17.279636858005937 -3.004333398439016
4.0 190 321 0.190541634736585 0.179836598888778 17.68162197977979 0.3439351541698201
4.0 x 322 0.1925733251332356 0.1851994129505081 17.68162197977979 -1.883680789600092
4.0 191 323 0.19264803584741047 0.18359049300838357 16.890512835207286 -0.8218956583002601
4.0 192 324 0.19179615870174324 0.18229317975597537 17.112691954330543 0.2617865645582391
4.0 193 325 0.18953544250855323 0.18234953606261603 17.73475811673157 0.37807253529549456
4.0 194 326 0.18815556482803275 0.18504593529852822 18.735450837510776 1.1597086731124975
4.0 195 327 0.18913497760388773 0.1827122764821683 18.29076152527155 -0.4950157907923085
4.0 196 328 0.18819915829744782 0.17801824140838585 18.36119432951669 -0.002881186033487637
4.0 197 329 0.18849492526535713 0.1807228038843845 18.09112677024109 -0.30029983402279825
4.0 x 330 0.1902158493972846 0.17933092045590954 18.09112677024109 -2.7158808089599376
4.0 198 331 0.1896390596898616 0.1855461927430291 17.77392877170042 -0.3048434127654289
4.0 199 332 0.18799591360872805 0.1777041536490024 18.731233092793865 1.060929482350879
4.0 x 333 0.18813696633548121 0.17374699851586073 18.731233092793865 -5.507270628435787
4.0 200 334 0.18832839320572942 0.1761863081802583 17.84883743101318 -0.6153547141096212
4.0 x 335 0.1874279899104485 0.1716049890126897 17.84883743101318 -1.5284631510936677
4.0 x 336 0.1880247180524941 0.1719633227360121 17.84883743101318 -0.4082326562764109
4.0 201 337 0.18762377534338773 0.16875281062052566 18.121754133833125 0.28634788867335814
4.0 202 338 0.18973747334944543 0.17704225070165322 17.79242072045524 -0.4245036266092548
4.0 203 339 0.1894672346060034 0.1830065278734969 18.16754909964558 0.30421444730572844
4.0 204 340 0.1911692831426747 0.18723216468601026 17.121495330041018 -0.9646932716598329
4.0 205 341 0.18730767036718324 0.18167981904236588 17.074684308575065 0.1562594392179939
4.0 x 342 0.18690088421287612 0.1880592001494757 17.074684308575065 -2.9487360404512106
4.0 x 343 0.18949038860757078 0.18395777556870824 17.074684308575065 -7.270261246895737
4.0 206 344 0.19001725548220305 0.17809276067460575 16.868591675564957 -0.30033962507608436
4.0 207 345 0.18819967481677718 0.16916301996613664 18.563619808687193 1.5655979839962058
4.0 208 346 0.18698289236520185 0.168361369474465 19.059230655954025 0.3220679020773147
4.0 209 347 0.186747940893576 0.1701564912876894 19.29412111667372 0.35195095365127926
4.0 210 348 0.1856090284087723 0.16677735626956808 18.940103684657068 -0.5713676487011945
4.0 211 349 0.1849165800335054 0.1722131497263186 19.815999980411167 0.9820112278383171
4.0 x 350 0.18555870677184433 0.1645577635970231 19.815999980411167 -2.68908604120001
4.0 x 351 0.18378583596057793 0.1698318985392819 19.815999980411167 -2.3080253235815142
4.0 212 352 0.18433800488945187 0.1727797593352569 19.99834109371994 0.16970271503404888
4.0 213 353 0.1854615571595106 0.177500226212056 19.53269129115092 -0.48449220696126005
4.0 214 354 0.18533814577959715 0.17355572193507884 19.539603136722135 -0.004829993995109305
4.0 x 355 0.18788111383072958 0.16967653095095747 19.539603136722135 -1.0469100899013242
4.0 215 356 0.18478674022118158 0.17514344419745015 19.70258091980476 0.44305384454033714
4.0 x 357 0.1854414185615198 0.17868228867686206 19.70258091980476 -2.949815474050549
4.0 x 358 0.18852683293239236 0.18741494862598898 19.70258091980476 -5.406731415979042
4.0 x 359 0.18773729409034812 0.17542957649077834 19.70258091980476 -3.6332460564446354
4.0 x 360 0.1872125040969367 0.1687679924889906 19.70258091980476 -0.7815652403265538
4.0 x 361 0.18323866210420722 0.17390466494968015 19.70258091980476 -0.7551494834296193
4.0 216 362 0.1861824618957758 0.17930965084998818 18.48974335813614 -1.6178319836651838
4.0 x 363 0.1877002669937268 0.17824105646768387 18.48974335813614 -1.593244769847665
4.0 x 364 0.18924374964240484 0.1819948495220446 18.48974335813614 -5.843622610702278
4.0 x 365 0.18515012202927353 0.1728452546948492 18.48974335813614 -1.857182289745154
4.0 x 366 0.18964363356982647 0.19062432815420602 18.48974335813614 -7.277773083221563
4.0 217 367 0.18573102255673798 0.17779034145240424 18.63263308049921 0.1291009599984534
4.0 x 368 0.18733801948017964 0.18111017640744198 18.63263308049921 -1.6673783028316755
4.0 x 369 0.18554298388364412 0.17550302936658307 18.63263308049921 -1.5658159392758577
4.0 x 370 0.186716006154159 0.17281848525001567 18.63263308049921 -3.9737435257748768
4.0 x 371 0.18509628504945277 0.1812317956230542 18.63263308049921 -4.038124667972291
4.0 218 372 0.18455521923784596 0.17786051131313996 20.17604662863701 1.824962459407665
4.0 219 373 0.1823939285224431 0.1721505527194147 21.056599247255086 0.8946617893332345
4.0 x 374 0.18399893983730686 0.18162680944473922 21.056599247255086 -0.6983814125487058
4.0 220 375 0.1823583412896742 0.16502525225705697 19.856625430639088 -1.4738134479098512
4.0 221 376 0.18032539749498003 0.1593834968272439 21.85865378445984 2.246795601920727
4.0 x 377 0.18172371400547757 0.17303280864812245 21.85865378445984 -4.42113898056639
4.0 222 378 0.18196244457775926 0.15474532723175558 21.196935851641022 -0.5741804335551919
4.0 223 379 0.18134807407833137 0.15654256556278334 21.474974451265634 0.2271369544918862
4.0 x 380 0.18212258909353937 0.1534807162837971 21.474974451265634 -2.0473131906236084
4.0 x 381 0.18282550842288944 0.15670965738105716 21.474974451265634 -0.6022330098577946
4.0 224 382 0.18120721175636653 0.15335480164060042 21.541436646198047 0.08372254449325567
4.0 x 383 0.18182211760622868 0.15093361275004272 21.541436646198047 -0.5248481069868909
4.0 x 384 0.1833477787490979 0.15115897992286856 21.541436646198047 -0.908134343439464
4.0 225 385 0.18054904231916544 0.15992684937084295 20.932655166185754 -0.37244716059687377
4.0 226 386 0.17877476727949093 0.16406185952819757 22.51673188304367 1.348889652134595
4.0 227 387 0.17897474194214538 0.1625780915016954 22.116495213931625 -0.5080020645143115
4.0 x 388 0.1788437909562475 0.15732177298977665 22.116495213931625 -0.4778964428420096
4.0 228 389 0.18220711185390404 0.1680495378909799 21.11784170751725 -0.8651311679511657
4.0 229 390 0.18379260776422676 0.16977784341951654 20.464596704113838 -0.7422648066424102
4.0 230 391 0.18431629518517836 0.16642180569709483 20.27608181605513 -0.15983877020936532
4.0 231 392 0.18494461563888612 0.1697190428276849 19.925954667083655 -0.42757199919288524
4.0 x 393 0.18681726660962453 0.16360157899712915 19.925954667083655 -0.5890302406615113
4.0 x 394 0.18512358769153456 0.16567213002247236 19.925954667083655 -1.3574907209851617
4.0 x 395 0.18573326687184138 0.17268301707081884 19.925954667083655 -0.6101235983894924
4.0 x 396 0.18700488625923473 0.17846783641529348 19.925954667083655 -1.1935355635065328
4.0 x 397 0.18699841730522107 0.17364129507150058 19.925954667083655 -0.6592589688231918
4.0 232 398 0.18298909528333773 0.16773560421857764 20.1022150358524 0.06341127501266897
