2.0 x 0 0.5377838964067219 0.6349254079475675 -250.145768478359 -92.9835040506955
2.0 x 0 0.5377838964067219 0.6349254079475675 -250.145768478359 -92.9835040506955
2.0 x 1 0.5521417532299063 0.6505864202488267 -250.145768478359 -10.335387438321327
2.0 1 2 0.545576865539843 0.643470025726956 -234.06207914507448 16.032889588039012
2.0 2 3 0.5442799275925793 0.6420516986619207 -177.52880079427587 56.21226562480544
2.0 x 4 0.5426115777782429 0.6399770824712562 -177.52880079427587 -110.93194523276868
2.0 3 5 0.5397759950423943 0.6368417633031559 -172.54703192941315 4.973566453781345
2.0 4 6 0.536791214139134 0.6337186858950647 -155.59854415141015 16.82095398809151
2.0 5 7 0.5268041479198621 0.6224254270817876 -141.16863532731278 14.338830947227166
2.0 6 8 0.5270623590829975 0.6226276300915544 -129.90278427926478 11.10075312352879
2.0 7 9 0.5210762084100347 0.6161821293553902 -115.5734736670564 13.969520264715328
2.0 x 10 0.5206150794559277 0.6156599535572811 -115.5734736670564 -0.9337368791935035
2.0 x 11 0.5277184798064048 0.6236270998887137 -115.5734736670564 -16.49543169848876
2.0 8 12 0.5123996914007763 0.6063113699179745 -114.6871400981847 1.0039696053565947
2.0 x 13 0.516734418849772 0.6110566171280398 -114.6871400981847 -3.9989295082670253
2.0 x 14 0.5188455643609401 0.6130899626678691 -114.6871400981847 -0.9373388446484867
2.0 x 15 0.5224114921523189 0.6175511465996972 -114.6871400981847 -16.08547928181885
2.0 x 16 0.5099778514595027 0.6037132545139635 -114.6871400981847 -2.25675684317266
2.0 x 17 0.5011967277377022 0.5938194153915457 -114.6871400981847 -1.6728732597351126
2.0 x 18 0.5115239876961454 0.6052826070761236 -114.6871400981847 -4.336132962323411
2.0 x 19 0.509451646547459 0.6028376831848523 -114.6871400981847 -2.3839977986863943
2.0 9 20 0.5031304673869621 0.5959214664771502 -109.52431970812333 5.041717367339253
2.0 10 21 0.49893538531322906 0.5911156472607466 -108.43175296210417 0.8679888525904929
2.0 11 22 0.49965610056495663 0.5917581422628218 -108.58945604048048 -0.15774596546308572
2.0 12 23 0.502437489343461 0.5947184276903266 -109.12972079731715 -0.3399794659384412
2.0 x 24 0.5025326373077499 0.594718334301575 -109.12972079731715 -22.062688554362794
2.0 13 25 0.5014696833057648 0.5939495367497483 -111.27466297323863 -1.9620212988217958
2.0 14 26 0.5007487658045597 0.5932458516252174 -108.47215972418579 2.6100399259584037
2.0 15 27 0.4958734885239416 0.5879209226665805 -107.66681506619092 0.9147624387379807
2.0 x 28 0.5038152078507719 0.5967587233723451 -107.66681506619092 -3.9162331925448655
2.0 x 29 0.49333218859476713 0.585126575867447 -107.66681506619092 -10.363099419549265
2.0 16 30 0.5028431203552742 0.5957043188974682 -109.88227305714926 -2.543651824527757
2.0 17 31 0.496482348931546 0.5883922067614066 -110.2341404814128 0.11638173747149239
2.0 x 32 0.5003508879784002 0.5926688408080861 -110.2341404814128 -7.019209978892505
2.0 x 33 0.5032017538495348 0.5960288348066709 -110.2341404814128 -13.19130663185664
2.0 x 34 0.5015674214557564 0.5941459923506538 -110.2341404814128 -4.542878339597557
2.0 18 35 0.501316662308608 0.5937162821421721 -108.7556386032455 1.106915926950066
2.0 x 36 0.5071016546707912 0.6000072948887177 -108.7556386032455 -6.5656835007639245
2.0 x 37 0.5013888722362666 0.5935011467955914 -108.7556386032455 -1.0946090374497999
2.0 19 38 0.5017083383036177 0.5941952727179409 -108.90231122231287 -0.15182981932715478
2.0 x 39 0.5020069680977951 0.594507828257613 -108.90231122231287 -1.7594346171800765
2.0 20 40 0.5007008156605521 0.5930687669421694 -110.89035686514629 -2.1795584743752556
2.0 21 41 0.505371367103758 0.5983610333623149 -109.84171621007542 1.3583073305597892
2.0 x 42 0.5006574126386517 0.5927874737515303 -109.84171621007542 -1.0144969775712838
2.0 22 43 0.5050386151028572 0.5978441542048656 -111.14963218761952 -1.5651499228607335
2.0 x 44 0.5123616688974694 0.606045452229889 -111.14963218761952 -5.069245546582977
2.0 x 45 0.5090978151069318 0.6022812297876262 -111.14963218761952 -4.984501236952184
2.0 x 46 0.5127790974389599 0.6065567796670263 -111.14963218761952 -0.6255693293718352
2.0 x 47 0.5046427469038074 0.5974555500953411 -111.14963218761952 -5.556661636171839
2.0 23 48 0.5000249999187588 0.592001028946014 -108.15078755327184 3.2291157540582844
2.0 x 49 0.4996958206207129 0.5918157538148704 -108.15078755327184 -6.5744768976579095
2.0 24 50 0.5000349355894833 0.5916510695268538 -108.40867951354804 -0.18169804691900282
2.0 x 51 0.5087235408453912 0.6015582208982659 -108.40867951354804 -5.310003403140776
2.0 x 52 0.5051318545276526 0.5974255530361939 -108.40867951354804 -3.328423485546587
2.0 25 53 0.4927374291712792 0.5833626480224074 -107.0611535293277 1.454605682517851
2.0 x 54 0.4975032080334422 0.588755722278534 -107.0611535293277 -4.282000199616078
2.0 x 55 0.49161840614671626 0.5818077304301367 -107.0611535293277 -4.143373031405758
2.0 26 56 0.48914898729002093 0.5795705619815914 -105.09274127852072 1.8951271088197998
2.0 x 57 0.4813944790485467 0.5709684600748341 -105.09274127852072 -1.6126761833323897
2.0 27 58 0.4858846748123843 0.5758164437310314 -104.17771194383431 0.9437142064778712
2.0 28 59 0.47862005974198246 0.5676238002475876 -103.62898517397451 0.24282966430667585
2.0 29 60 0.4770240579577896 0.5658996876937387 -101.16739556951335 2.734183032430529
2.0 30 61 0.4740562297227751 0.5622858059240378 -100.5745657524174 0.4736055172738247
2.0 x 62 0.48176211139806685 0.5712843288135323 -100.5745657524174 -7.522983659149979
2.0 31 63 0.47636965992142305 0.5651582131634871 -101.53713063965247 -0.7466969258108094
2.0 32 64 0.4781727937930281 0.5672365181471489 -101.4926497192363 -0.08827469949522282
2.0 x 65 0.47739881775915183 0.5662848244039865 -101.4926497192363 -0.47908743296255096
2.0 33 66 0.46577332395169857 0.5530622300848171 -99.06392256035778 2.28354257714642
2.0 x 67 0.47520788867365554 0.5639797541258276 -99.06392256035778 -9.548026771177263
2.0 34 68 0.46164066038985807 0.5484333293470995 -96.503881018502 2.6967888140591114
2.0 x 69 0.45745942978061266 0.5436886153179784 -96.503881018502 -1.5920544268271613
2.0 35 70 0.45957308199376146 0.5461214940298832 -96.0877315345682 0.39309493424769926
2.0 36 71 0.4395735351514651 0.5230127756739776 -96.1980028538712 -0.3761591271774307
2.0 x 72 0.4471517297777259 0.5318332386027091 -96.1980028538712 -6.029610225188669
2.0 37 73 0.42900915718006516 0.510534635350186 -86.15118487821165 10.41509063353542
2.0 38 74 0.4305074424323787 0.5123700539205595 -85.89426821969896 0.36397943890914775
2.0 39 75 0.4244440020824509 0.5052017069847945 -84.41331663489456 1.4083690869296248
2.0 40 76 0.42225543469658916 0.5026576369653258 -82.97474887160723 1.5988044921899487
2.0 41 77 0.41865197915052244 0.4984085235069803 -82.35371230270874 0.7416270405705205
2.0 42 78 0.41852319052057474 0.49824439012455485 -81.68795200404134 0.5749723379064164
2.0 x 79 0.4231322184016947 0.5037027545845504 -81.68795200404134 -4.791668357614697
2.0 x 80 0.418272502305273 0.4978767186307862 -81.68795200404134 -1.8741702785269467
2.0 x 81 0.4213962323803103 0.5016777341865534 -81.68795200404134 -1.0872860814259013
2.0 x 82 0.41735749752810797 0.49686528774871386 -81.68795200404134 -0.576545165986154
2.0 43 83 0.4186060927147808 0.49834483495860804 -82.99367846391269 -1.1645455175488095
2.0 44 84 0.4159517749024563 0.49519485674014224 -81.87150654165333 1.114750006584181
2.0 45 85 0.40677305365107946 0.4842249983667794 -80.8825227059464 1.154678508901796
2.0 46 86 0.39958192180503366 0.47556194076627356 -77.3581880833218 3.523165321352721
2.0 47 87 0.3962799148660837 0.471509936743944 -76.0664678526164 1.295099408836542
2.0 x 88 0.39692854435199165 0.472396172591802 -76.0664678526164 -4.091331866954199
2.0 48 89 0.39160822078157836 0.4660204690367202 -72.4756600693149 3.495034345207145
2.0 49 90 0.3776074453241623 0.44889045372473835 -66.37166849049865 5.990830380372998
2.0 50 91 0.37732578056521715 0.44871860783700057 -66.25894301423023 0.2034139761899425
2.0 x 92 0.38675573707145217 0.46033768080689236 -66.25894301423023 -4.431313310912323
2.0 x 93 0.37210498779683115 0.44238406552206044 -66.25894301423023 -0.7240693802917946
2.0 x 94 0.3822979490352743 0.45461277485678564 -66.25894301423023 -18.744854263934783
2.0 51 95 0.3653061649251038 0.43417568642087007 -62.46679651075891 3.643274690700892
2.0 x 96 0.3690587805009626 0.4386589826373425 -62.46679651075891 -2.8988962129704134
2.0 52 97 0.3587816813674192 0.4260628182034599 -59.00296345286877 3.7682694605002354
2.0 53 98 0.3410042654632125 0.403471865452755 -51.173735061763075 7.879093503182496
2.0 x 99 0.351862522614548 0.4173724925661186 -51.173735061763075 -10.34457970385423
2.0 x 100 0.3527475037850286 0.4184609062317171 -51.173735061763075 -6.160366582714822
2.0 54 101 0.3407467607624147 0.4034047207770958 -51.242709804976045 -0.18448732339057727
2.0 55 102 0.3395777165213595 0.4019410732477434 -51.86211162529853 -0.34548343856778274
2.0 56 103 0.33944802796805457 0.4018625290597698 -51.224983102640834 0.5911284952919402
2.0 57 104 0.3388141344888616 0.40082714943308767 -52.12238613831354 -1.2704383405731647
2.0 58 105 0.33272964388773424 0.39304846175108393 -48.53186950342188 3.6886276953592656
2.0 59 106 0.31975259555620833 0.3757461031602494 -42.655528993709446 5.952887620253051
2.0 60 107 0.31427451879437207 0.3687041404861605 -38.987532259381155 3.9070891502645466
2.0 61 108 0.30052245404462297 0.3497748313620441 -34.96925515542847 4.334346456986324
2.0 62 109 0.30043962199988805 0.3494737689084328 -34.77922139223733 0.1952217177321387
2.0 x 110 0.3074638881621287 0.35898907402291 -34.77922139223733 -3.0861158372519313
2.0 63 111 0.301620146323539 0.3509585430018906 -34.16322432137824 0.5385440147047618
2.0 x 112 0.30616500965249416 0.3571269926616616 -34.16322432137824 -9.976725247211263
2.0 64 113 0.2980907907830607 0.34629616213963993 -32.724122942892265 1.4774024582557956
2.0 65 114 0.2977208062102086 0.34685891419762227 -31.389009860537126 1.0137027286011495
2.0 x 115 0.30832721014176495 0.36158583441799763 -31.389009860537126 -8.82686254098974
2.0 x 116 0.3112042353747301 0.36548048903378316 -31.389009860537126 -6.080908844910621
2.0 66 117 0.29199331171945087 0.3388988961593939 -30.437555318419864 0.8485913299368519
2.0 x 118 0.2959165291151055 0.3450697548778842 -30.437555318419864 -2.6642597271609567
2.0 x 119 0.2952923273848874 0.34388464872988345 -30.437555318419864 -3.284563880651664
2.0 67 120 0.2920381110487443 0.3387793593419545 -28.08687212662125 2.6634530255176507
2.0 x 121 0.2912628980685537 0.33806094385365093 -28.08687212662125 -1.4349182225024855
2.0 x 122 0.2974348456604314 0.3465488567208354 -28.08687212662125 -2.7893832238538323
2.0 68 123 0.2871532418530523 0.3321361923042835 -25.82400516567957 2.351992212910492
2.0 x 124 0.29031874372958155 0.3368760393412386 -25.82400516567957 -2.0493756754503956
2.0 x 125 0.28000966650066444 0.32226817434703975 -25.82400516567957 -6.619965793593199
2.0 x 126 0.2930884779899041 0.34039674903059985 -25.82400516567957 -4.633162570173017
2.0 x 127 0.29995679395901925 0.3502688200114257 -25.82400516567957 -9.858985741714893
2.0 69 128 0.28500500355689945 0.3282681696825084 -24.460253759647998 1.33983995309217
2.0 70 129 0.28137682922113905 0.3237341370013439 -22.60217152745618 1.8941345944824945
2.0 x 130 0.2817408167495862 0.32508036759208436 -22.60217152745618 -0.16135530707956036
2.0 x 131 0.27099997154280325 0.3068306057850635 -22.60217152745618 -6.911384560197533
2.0 x 132 0.2803039321095434 0.32111702264161557 -22.60217152745618 -2.2404510528194876
2.0 x 133 0.28912209548482387 0.33426197874919494 -22.60217152745618 -4.0523834799958465
2.0 x 134 0.29440412871421384 0.34305948347679327 -22.60217152745618 -9.573208622750684
2.0 x 135 0.2848038128630463 0.32988820703526284 -22.60217152745618 -4.51066827905094
2.0 x 136 0.28580379148143076 0.3308685728930012 -22.60217152745618 -2.2957745341944857
2.0 x 137 0.28648497542915424 0.33187092123161227 -22.60217152745618 -2.776565300704572
2.0 x 138 0.29409932614470086 0.3428121488699819 -22.60217152745618 -7.313170909588301
2.0 71 139 0.2750223655409945 0.31517404970221946 -19.124375601800345 3.4972525550319844
2.0 72 140 0.2668213472400931 0.3030157447133238 -14.657494660966222 4.532231269783338
2.0 x 141 0.27659008029710064 0.31766918695771107 -14.657494660966222 -5.3773401089431445
2.0 73 142 0.2611958707776196 0.29356708055193015 -11.67420891868571 3.0658850153164643
2.0 x 143 0.2682385719298713 0.3036098652774823 -11.67420891868571 -4.419282605626835
2.0 x 144 0.2685622278371577 0.3043172307344424 -11.67420891868571 -4.212473319745698
2.0 74 145 0.25944026568111944 0.28978183907172433 -11.783601217324318 0.0055881207127903565
2.0 75 146 0.2589131895062896 0.2878702820523235 -10.16908457776714 1.4706457186007533
2.0 76 147 0.26073394927977184 0.288735373439845 -11.689604904240488 -1.4599572439710347
2.0 x 148 0.26777618045521306 0.30098049488165085 -11.689604904240488 -3.614414148597673
2.0 x 149 0.26139849204896565 0.290833033961655 -11.689604904240488 -2.66072759623699
2.0 x 150 0.261745717185635 0.29010798645282593 -11.689604904240488 -5.508408721002651
2.0 77 151 0.2512822217957461 0.27242102381409117 -6.321070810017435 5.454881555651726
2.0 78 152 0.24710349159216746 0.2679691897856746 -3.4507745620686694 2.678694780155731
2.0 79 153 0.24476555847496076 0.26242726307456427 -2.1007979325812407 1.356117800842298
2.0 x 154 0.24801731204958757 0.266053411078369 -2.1007979325812407 -1.5965666010007133
2.0 x 155 0.2530057548695313 0.27767861368794544 -2.1007979325812407 -5.716130488599347
2.0 80 156 0.2467003112483718 0.2647292477090742 -2.972956191663948 -0.7313671753839208
2.0 x 157 0.24520063189480176 0.2585648781189789 -2.972956191663948 -0.7978979046445951
2.0 x 158 0.24734964203309948 0.26436755183881894 -2.972956191663948 -0.7831716058997746
2.0 81 159 0.24190944392878508 0.25487670328501216 -1.8398030521507565 1.349823449316824
2.0 82 160 0.24209288337768434 0.25376214174981304 -1.9902823310281121 -0.6091414454729431
2.0 83 161 0.2433389285867897 0.25680324671642585 -0.8539772491392092 1.342481374237753
2.0 84 162 0.24263499470287658 0.25435056454855554 -0.9272507864257529 -0.16793720228046727
2.0 x 163 0.24465918045449078 0.2579657284373531 -0.9272507864257529 -4.58481987894796
2.0 x 164 0.2424903545310837 0.2574166074661392 -0.9272507864257529 -0.9938379206673873
2.0 x 165 0.24379036739010418 0.25682416123031426 -0.9272507864257529 -3.469139535828778
2.0 85 166 0.24172256634722716 0.2552224901360107 0.11680697416098518 1.2050480583128325
2.0 x 167 0.2459841533937844 0.25972382665988347 0.11680697416098518 -4.576069300139191
2.0 86 168 0.23752527904982823 0.24836081974305652 1.6137217104052624 1.3216462867309946
2.0 87 169 0.233977683854698 0.23848467286424352 2.2731274713737877 0.583604390464288
2.0 88 170 0.23276935587689282 0.23567823543193392 5.396374041505284 3.3175046791435365
2.0 x 171 0.23729031456572447 0.2512521237553138 5.396374041505284 -2.5004276799801364
2.0 89 172 0.23118472888662162 0.2316412332252798 6.791221074774792 1.5026954749097579
2.0 90 173 0.22911992113017332 0.22622119707567379 7.5402555625814065 0.648306449945995
2.0 x 174 0.23013060188950724 0.22399600585283158 7.5402555625814065 -0.5130696246127355
2.0 x 175 0.22955272936522003 0.21893413601771164 7.5402555625814065 -3.9812027315149763
2.0 x 176 0.230340137184663 0.22224409468154407 7.5402555625814065 -1.131197254685711
2.0 x 177 0.22585197904348886 0.2170724168212828 7.5402555625814065 -4.2217538253379026
2.0 x 178 0.22451592824616962 0.2184273205404181 7.5402555625814065 -6.957197973014505
2.0 x 179 0.229952572634067 0.21645633715406457 7.5402555625814065 -0.7856447360612844
2.0 91 180 0.2271651400497555 0.2189629417047803 9.146526150556 1.661206423129614
2.0 x 181 0.22831967882775595 0.22871084539730227 9.146526150556 -1.7117223749762713
2.0 x 182 0.22623331873475505 0.21785610010282477 9.146526150556 -10.76572292521681
2.0 92 183 0.22677370720001727 0.21325224750300828 9.65461632619026 0.6052677416939378
2.0 x 184 0.2283992565394728 0.21452653665255006 9.65461632619026 -1.2768808861882253
2.0 93 185 0.22431845211861973 0.20698163979667977 10.925108953073966 1.1654626327648625
2.0 x 186 0.2253495880990464 0.20191128330214553 10.925108953073966 -3.877985587495404
2.0 94 187 0.22498708858004418 0.2122033456547203 10.047219148955195 -0.9256178204735317
2.0 x 188 0.22641838387652996 0.21493931865989804 10.047219148955195 -0.549453348777929
2.0 x 189 0.22768075828674209 0.22744882236811859 10.047219148955195 -2.5213329704858314
2.0 95 190 0.21972018129611054 0.20408390753047842 10.861668680686364 0.6818486821098926
2.0 x 191 0.22257046960672602 0.2121137647155633 10.861668680686364 -2.637988056480104
2.0 x 192 0.22073090964778608 0.20488143353828495 10.861668680686364 -5.360391798795239
2.0 x 193 0.21675589270478418 0.19535194781578705 10.861668680686364 -2.4927062134221227
2.0 x 194 0.2224814324545445 0.20673162763527397 10.861668680686364 -2.650923614067054
2.0 x 195 0.22020364670630369 0.19775607938233894 10.861668680686364 -2.5505828297966353
2.0 96 196 0.22084223380401882 0.20183358229988602 13.490087860552665 2.9983632371001736
2.0 x 197 0.21970480884951607 0.19190671557835648 13.490087860552665 -0.8977585733910942
2.0 97 198 0.21945548580948884 0.1983102637673368 13.718932662124637 0.030960191229317147
2.0 x 199 0.22198481548043192 0.2131843389623741 13.718932662124637 -3.2963610337588367
2.0 x 200 0.2244222040249163 0.20601728581969803 13.718932662124637 -5.249145755961138
2.0 x 201 0.22243934192926457 0.20120382626393726 13.718932662124637 -6.032639244103685
2.0 98 202 0.219322430224227 0.19518770580054312 13.303406680878627 -0.45003343182496636
2.0 99 203 0.21748392088379048 0.19367341288533027 15.51027390768024 2.314295326147679
2.0 x 204 0.21790369204953305 0.19265848178074005 15.51027390768024 -5.64252549271859
2.0 100 205 0.21726311234829113 0.19538662548459632 15.36693712152314 -0.18080411670699448
2.0 101 206 0.2189895874610941 0.18843277124737917 14.687418606803059 -0.483228186317314
2.0 x 207 0.2198061279657565 0.1958557523099704 14.687418606803059 -1.4189668873231351
2.0 102 208 0.2170903038112384 0.19076224453782228 16.02659991249116 1.354743647677262
2.0 103 209 0.218156208860579 0.18933531403845924 14.09106956265407 -1.8183883467288489
2.0 x 210 0.21795095754362484 0.18682986168617563 14.09106956265407 -3.3106813563769677
2.0 104 211 0.21750994120299533 0.18121098614496178 14.514887152177607 0.42578883232322795
2.0 x 212 0.21853521001578655 0.17754383610142482 14.514887152177607 -2.7392698346275317
2.0 x 213 0.22217288124158688 0.17115926263465922 14.514887152177607 -6.204002510574577
2.0 x 214 0.21706297264710442 0.18250814858533873 14.514887152177607 -2.0379656214048225
2.0 105 215 0.2163804874442733 0.17805311471661436 16.3994628822311 1.6288606533596521
2.0 x 216 0.21999179440252525 0.17825519099915008 16.3994628822311 -2.936513309510275
2.0 106 217 0.2160347858917092 0.18529293049451062 16.56543638413665 0.1575046207375017
2.0 107 218 0.21744240187711003 0.1923516873445563 15.350015734631095 -1.2540774416112601
2.0 108 219 0.21790417131132475 0.19096971706125251 15.271236357641314 -0.042006656354987015
2.0 x 220 0.2204738946852655 0.1921950818739081 15.271236357641314 -1.3589574323856528
2.0 x 221 0.21769811493626665 0.18818136591354698 15.271236357641314 -0.3358588984211437
2.0 109 222 0.21685260190460634 0.18583500312657725 15.503438052688026 0.4860157879193565
2.0 x 223 0.22089062232272672 0.18654987573037057 15.503438052688026 -4.526957447409497
2.0 110 224 0.21475986170533132 0.18856240372470456 17.402250156164925 1.666795496631643
2.0 x 225 0.2140633015863693 0.19483845033379688 17.402250156164925 -2.981045952677544
2.0 111 226 0.21407531617325054 0.18153527667689198 18.250640401496582 0.9566989997487241
2.0 x 227 0.2148224719916065 0.17931415347866103 18.250640401496582 -1.0770086311907008
2.0 112 228 0.21244493740109516 0.18267435345778324 18.877349055488672 0.516996711599667
2.0 113 229 0.20943761710428122 0.18597193653082372 21.29861902266188 2.5021252756794823
2.0 114 230 0.2082095261696306 0.18216451129628736 22.111213849697545 0.9849395192131318
2.0 x 231 0.21083845550484448 0.17254756175413608 22.111213849697545 -2.268181349813414
2.0 x 232 0.2117014662158388 0.17718618993700383 22.111213849697545 -4.358012333721735
2.0 x 233 0.20885656139955866 0.18548977252013216 22.111213849697545 -5.166552755444524
2.0 115 234 0.20685116939321882 0.18155142098011803 23.24675368831791 1.1216134163328242
2.0 x 235 0.2080612859384742 0.1779865193702255 23.24675368831791 -1.951155672797455
2.0 x 236 0.20643421213664975 0.18476293794864979 23.24675368831791 -0.662634198818008
2.0 x 237 0.2097769756712114 0.1782850105258481 23.24675368831791 -2.117806959145131
2.0 116 238 0.2059190487689313 0.18285980844823335 23.885326204628658 0.5318854745721104
2.0 117 239 0.20502363706450227 0.1709233796716561 24.62402019015056 0.8465464036222663
2.0 x 240 0.20445142760689558 0.17507078126013004 24.62402019015056 -0.24733116378304487
2.0 118 241 0.20492220528491403 0.17126030508140602 23.857415885904377 -0.9757595917580808
2.0 x 242 0.2062615513008678 0.17046947163559462 23.857415885904377 -6.467310982024767
2.0 119 243 0.2068056404017387 0.17913492281166798 23.172129586196252 -0.628369551115469
2.0 120 244 0.20540977805807972 0.18403411854285345 22.656337122338904 -0.2125363564488829
2.0 121 245 0.20392175621107167 0.18583244884557817 25.4809521345723 2.6526223638150555
2.0 x 246 0.20403866371264645 0.18862383914658618 25.4809521345723 -1.5348889856620893
2.0 x 247 0.20799017210959192 0.19051891832624115 25.4809521345723 -3.7695565497551904
2.0 122 248 0.20325730355214106 0.18336079863124763 25.419028598839468 0.04394598252120829
2.0 x 249 0.20443590650228458 0.17275054881019655 25.419028598839468 -4.876447476535237
2.0 x 250 0.20727949427576797 0.18275769430794297 25.419028598839468 -2.5099108896019438
2.0 x 251 0.20492117106483237 0.1863160154395406 25.419028598839468 -8.37597802053483
2.0 x 252 0.20341353254569913 0.1779556995720709 25.419028598839468 -4.5940190882657745
2.0 123 253 0.19919412394662134 0.17426407456085163 28.71489782906317 3.126094450069033
2.0 124 254 0.19753241368807165 0.16282522765441185 30.21656946262346 1.6158442374805801
2.0 x 255 0.20176211063381502 0.16652147633083725 30.21656946262346 -3.4065396039186986
2.0 x 256 0.1996838648483985 0.1557716736398164 30.21656946262346 -4.817871364195497
2.0 x 257 0.19555187372818325 0.16645623950291755 30.21656946262346 -4.907203172625998
2.0 x 258 0.20092013116551383 0.16954815226067668 30.21656946262346 -2.6428999221156104
2.0 x 259 0.20150961321554992 0.15873572982188996 30.21656946262346 -3.466422182366351
2.0 x 260 0.2009677694118121 0.1552766666733959 30.21656946262346 -3.0590336595946184
2.0 x 261 0.19861937034153226 0.15929850911485527 30.21656946262346 -2.0178420691525716
2.0 125 262 0.19620864721545808 0.15452425454818003 31.233958136438133 1.017550382346947
2.0 126 263 0.19171970176263717 0.15551712215793004 33.027510401003305 2.025552798291116
2.0 127 264 0.18829151342225292 0.16307448229031865 36.338922937301795 2.9648493054982126
2.0 128 265 0.18770575685785437 0.1548246615234333 36.95360633529073 0.9405217391334943
2.0 x 266 0.19059675710274515 0.1521942544220634 36.95360633529073 -5.455606827990689
2.0 x 267 0.18988729598337745 0.16201051421048535 36.95360633529073 -7.6012108753015895
2.0 129 268 0.18341474743959701 0.15613573750684795 40.36843039667001 3.458381321025378
2.0 x 269 0.18330318297348513 0.1620748282318664 40.36843039667001 -6.575030037340369
2.0 130 270 0.18236693839085238 0.1507238092328062 41.86603133781222 1.2573704047894552
2.0 131 271 0.180691340142087 0.15765914525963282 43.47673883571268 1.6853937157673613
2.0 132 272 0.17969734554583724 0.15911737584464639 43.39846856693846 -0.20693028652477352
2.0 133 273 0.18261873364975245 0.1543814134442612 41.767349397011756 -1.4310861731535596
2.0 134 274 0.18085917091766626 0.1594975983838028 42.04854511063229 0.03144785883417711
2.0 x 275 0.1809189298220262 0.1575016489114104 42.04854511063229 -10.44397381345518
2.0 x 276 0.18457795230802237 0.15422999708874163 42.04854511063229 -4.146309607240916
2.0 x 277 0.18440293436365937 0.15807067407107303 42.04854511063229 -4.57304458703544
2.0 x 278 0.18030274541512736 0.15864708426420265 42.04854511063229 -6.704668320430564
2.0 x 279 0.18143085780209206 0.16167646710077438 42.04854511063229 -0.3436928478428456
2.0 x 280 0.18399106822825784 0.1646825751248172 42.04854511063229 -1.1062657048906388
2.0 x 281 0.18142812208239334 0.15767499562912693 42.04854511063229 -3.3158392088921786
2.0 135 282 0.18265527499681092 0.16279985135887434 41.89283467822906 0.005624378776936112
2.0 x 283 0.18562930823659338 0.1526277213084844 41.89283467822906 -9.2029021924089
2.0 x 284 0.18449210693401694 0.1659683272919467 41.89283467822906 -1.488921078117741
2.0 x 285 0.18311599787487362 0.16659989001336448 41.89283467822906 -7.520756853116673
2.0 136 286 0.18211624309965502 0.16646334149737804 42.28791503780705 0.4484556112241904
2.0 x 287 0.180624803932129 0.16726932051975696 42.28791503780705 -1.0687312218217642
2.0 137 288 0.18021223313169596 0.1596045899157817 43.505657654807976 1.303247554704626
2.0 138 289 0.17913094935312626 0.1659581292438772 43.59130632446255 0.1682981727808439
2.0 139 290 0.17719839114397734 0.16388614944585644 46.2933541259637 2.4882898011740266
2.0 140 291 0.17658845435713508 0.1667097276132947 46.90813567743483 0.7044573853596816
2.0 x 292 0.17738340011646347 0.16580678287119505 46.90813567743483 -1.0552650038041804
2.0 x 293 0.17748391023506077 0.1680420947240042 46.90813567743483 -2.9478274328377836
2.0 x 294 0.18165221120751474 0.18027797396488437 46.90813567743483 -5.069544731412066
2.0 141 295 0.17547511846587346 0.15762274546119154 47.86350233619943 0.9524337018050133
2.0 142 296 0.1738119022007267 0.15752496004887334 46.54187597068407 -1.0602165379283761
2.0 x 297 0.174408897434733 0.1517024641257483 46.54187597068407 -4.514153401258419
2.0 x 298 0.1727531480198882 0.15116762961240615 46.54187597068407 -2.245986512703766
2.0 x 299 0.17582527442360216 0.15108828033136892 46.54187597068407 -8.102880174856345
2.0 x 300 0.17178935075938054 0.15651778404545363 46.54187597068407 -2.608957959173928
2.0 143 301 0.17208103510379444 0.1512776008325024 48.88443598404255 1.8589793382633744
2.0 144 302 0.16981446096824515 0.14908566061632392 51.598933057611646 2.7857514838857753
2.0 x 303 0.16797042107013205 0.15949782947159566 51.598933057611646 -1.2979943052323009
2.0 145 304 0.16803407434773562 0.14558485757694306 53.347576492407605 1.7926084431522042
2.0 146 305 0.1679153099307266 0.14529775623515118 53.30843736909674 -0.056457993257623684
2.0 x 306 0.17076370347239017 0.13835411162316053 53.30843736909674 -5.549450821133242
2.0 x 307 0.16854786733872676 0.14428651916414623 53.30843736909674 -3.263685254011854
2.0 147 308 0.1679711818368002 0.15275345440273044 53.585092079866094 0.6005839284251451
2.0 148 309 0.16636168639520288 0.1531006971187787 53.67924618942247 0.20348444082407724
2.0 x 310 0.16530116838376685 0.15119395987514775 53.67924618942247 -4.7367387336335085
2.0 149 311 0.16716857066454258 0.157678408590398 54.32414394839779 0.5482909328869994
2.0 x 312 0.16619473752127897 0.16343813441248609 54.32414394839779 -2.4724578561222827
2.0 x 313 0.16924174750864007 0.15944470601992067 54.32414394839779 -2.10157280548259
2.0 150 314 0.1662167561938151 0.1587614267242902 55.31160762360522 0.7218098129779378
2.0 x 315 0.16569392587330228 0.16393639520916628 55.31160762360522 -1.040750817894775
2.0 151 316 0.16613733579348272 0.15603855992643348 55.860821566699016 0.6128824613357082
2.0 x 317 0.16764290227814738 0.15839465437593458 55.860821566699016 -7.045215769310225
2.0 x 318 0.16833772928058838 0.16508965477962464 55.860821566699016 -1.98836471322128
2.0 x 319 0.16781408776511095 0.15122965215558284 55.860821566699016 -1.729614647546704
2.0 x 320 0.16907323903606916 0.15815061514310672 55.860821566699016 -3.211877061902449
2.0 x 321 0.16632583087902758 0.16138159679112887 55.860821566699016 -0.5443366667542833
2.0 x 322 0.1685167711799169 0.16089574974511392 55.860821566699016 -2.3622929386265383
2.0 x 323 0.16782915187537858 0.1602053604974087 55.860821566699016 -1.5998603282172326
2.0 152 324 0.16591485691357338 0.1549078850843293 56.1942045783455 0.3733631372877326
2.0 153 325 0.16330917786434487 0.1547201305395607 55.54599191831182 -0.8917081472822588
2.0 154 326 0.16121386667078624 0.15682747995922752 59.539588718002435 4.15220134401234
2.0 x 327 0.16237781251877514 0.15430951058802847 59.539588718002435 -1.6055950634690035
2.0 155 328 0.16029541632476324 0.15218014602521948 59.19301943241837 -0.4205472229777243
2.0 x 329 0.1608952732728941 0.15553323316783657 59.19301943241837 -1.0000906608600317
2.0 x 330 0.1623465429992048 0.15111539308648217 59.19301943241837 -6.454655544503041
2.0 x 331 0.16095694505028982 0.15603400760966127 59.19301943241837 -0.27404855809950135
2.0 156 332 0.15982318582773675 0.14479054897861846 60.935847402360075 1.8463086915471152
2.0 x 333 0.16095380054266029 0.141564789639764 60.935847402360075 -13.477717912277306
2.0 157 334 0.16071095488625148 0.14374484115789163 60.43660321308549 -0.23394180319210278
2.0 x 335 0.16023553947153457 0.14006764427297164 60.43660321308549 -2.244362821617649
2.0 158 336 0.16148498663311586 0.14038373638701945 58.81051456514474 -1.5649928003137674
2.0 x 337 0.16239240395756002 0.13510750116749543 58.81051456514474 -1.1428602710679883
2.0 159 338 0.16278818449244842 0.14721244640074113 58.59402129973482 -0.3115955387293212
2.0 160 339 0.1618894133709929 0.15277586857672168 59.85761991008774 1.1925244777381536
2.0 x 340 0.16327682053605758 0.15645448822345207 59.85761991008774 -1.7276639696687326
2.0 161 341 0.15816779899689856 0.14806755356735798 62.02998113878917 2.3754670229001817
2.0 162 342 0.1559887923527907 0.15445265651848963 60.64366172817837 -1.2054648044388614
2.0 x 343 0.1587996541910775 0.155966753637241 60.64366172817837 -17.59145481853527
2.0 163 344 0.15901551070709527 0.15159919376972525 59.48092408057393 -1.2573607381643868
2.0 164 345 0.15784859234062368 0.14259785972136632 62.969608120033726 3.3589519290526937
2.0 165 346 0.15624353086161347 0.1414983955722633 65.05607828762572 1.911952921302273
2.0 166 347 0.15618430022676605 0.14263951549150114 65.12385428551937 0.18435257660127036
2.0 167 348 0.15479893784309454 0.13957555314671338 65.33193755039402 -0.010548276339491736
2.0 168 349 0.15341893784670385 0.14458229418193874 67.5931045423785 2.3673086724354775
2.0 x 350 0.1549664750589004 0.13743516683419374 67.5931045423785 -5.4766901844439815
2.0 x 351 0.1523556806273129 0.14188052666581819 67.5931045423785 -3.915485368678013
2.0 169 352 0.1528140274188339 0.14471949636035078 68.08367972989046 0.47854916648153534
2.0 170 353 0.15385557905833624 0.14949365720779959 67.060028061748 -1.0430980362873967
2.0 171 354 0.15437388724300216 0.14575347130536362 66.54893135457229 -0.5242656504036916
2.0 x 355 0.15788858489374072 0.14243259978452305 66.54893135457229 -4.7197802515555125
2.0 172 356 0.1539758190157206 0.14673936743752217 66.23559173445567 -0.03247928972639613
2.0 x 357 0.15438933674665994 0.14990462134276697 66.23559173445567 -6.650791257676772
2.0 x 358 0.15719620842171508 0.15744088418289615 66.23559173445567 -12.165796572975367
2.0 x 359 0.15688677164382367 0.14712431616930652 66.23559173445567 -8.773574044457952
2.0 x 360 0.15727412780547945 0.14150957955470359 66.23559173445567 -2.674583752753378
2.0 173 361 0.1520465572138899 0.14467380192317733 64.80756593444312 -1.2555170234877266
2.0 174 362 0.1529881855472927 0.14815011487239413 68.16738990301705 2.954059764175227
2.0 x 363 0.15473224088583534 0.14626546358722817 68.16738990301705 -2.4473475593203418
2.0 x 364 0.15652597305048635 0.15076254042659662 68.16738990301705 -8.605139424588955
2.0 x 365 0.15305756047912777 0.142285785022889 68.16738990301705 -2.1629549040891263
2.0 x 366 0.15589818041361378 0.159407530054622 68.16738990301705 -10.215221675651335
2.0 175 367 0.1524586843175318 0.14712712804785716 68.65205443908165 0.47016851908519186
2.0 176 368 0.15346548494154927 0.14994363876673072 66.85205579852338 -1.9202461177767844
2.0 x 369 0.15377832339044156 0.1476943205251796 66.85205579852338 -2.648820054253285
2.0 x 370 0.15442204898324058 0.14547814444174073 66.85205579852338 -6.549381799769208
2.0 x 371 0.153345386701731 0.1533659903373283 66.85205579852338 -6.6503891905275765
2.0 177 372 0.15206054856682236 0.1502708945038635 68.9020328680705 2.3310392471810815
2.0 178 373 0.1498752145265216 0.14522874454348497 71.14551954442811 2.2587719663061137
2.0 x 374 0.15151930317104786 0.15449403439707834 71.14551954442811 -2.146079868050613
2.0 x 375 0.14967669717086718 0.1388648918788916 71.14551954442811 -1.2182920277512252
2.0 x 376 0.14755017612330043 0.1398288108743919 71.14551954442811 -0.500586597920254
2.0 x 377 0.1543704359971833 0.16077380054092 71.14551954442811 -7.506255471711135
2.0 x 378 0.15078861691051612 0.14038943440874815 71.14551954442811 -1.685655490882084
2.0 179 379 0.15004373539158763 0.14817613208259556 71.19350636221279 -0.0009355962370989346
2.0 x 380 0.14956334531835103 0.1442831490979209 71.19350636221279 -4.109230644959588
2.0 x 381 0.15114714375896185 0.14788104927980947 71.19350636221279 -1.122261640076914
2.0 180 382 0.14903329227107878 0.14410510256738093 72.19838338064801 1.0219032443855198
2.0 181 383 0.14862007605506727 0.14134986865876703 72.3917653796905 0.09447803035057944
2.0 x 384 0.14995706319830654 0.1383447684715368 72.3917653796905 -1.3883643860598838
2.0 x 385 0.15005471980309992 0.14994891113161826 72.3917653796905 -2.0571987657076463
2.0 x 386 0.14762937424696118 0.14559251820648364 72.3917653796905 -2.5848036495742974
2.0 x 387 0.14886934619359282 0.13999701862635328 72.3917653796905 -1.2232261331767802
2.0 x 388 0.14815313645777897 0.13599472692140094 72.3917653796905 -0.2830314928122277
2.0 x 389 0.15239171515081967 0.14654155527021398 72.3917653796905 -3.777880254860584
2.0 x 390 0.1504626580674496 0.14285191796898733 72.3917653796905 -2.366702895133052
2.0 182 391 0.14938044768955 0.13819340407765202 71.79980956320104 -0.5624585324595586
2.0 x 392 0.1497811819993694 0.14134434778252908 71.79980956320104 -0.8812647727191774
2.0 183 393 0.15159779953736763 0.13250871059212677 69.50608079925864 -2.2166344994444245
2.0 x 394 0.1527834709787393 0.12957801630947235 69.50608079925864 -1.635780638729912
2.0 184 395 0.15178615855765434 0.13489539604220546 69.48505986378625 -0.08535730115707452
2.0 x 396 0.1526492149345052 0.1424642528748649 69.48505986378625 -3.106098764758741
2.0 x 397 0.15311868855389923 0.13839661628786806 69.48505986378625 -1.5012838923080736
2.0 185 398 0.14970186395624743 0.13283943235518178 70.86785072134342 1.269160046662293
