10.0 x 0 0.5377838964067219 0.6349254079475675 -50.0291536956718 -18.302415117521605
10.0 x 0 0.5377838964067219 0.6349254079475675 -50.0291536956718 -18.302415117521605
10.0 x 1 0.5521417532299063 0.6505864202488267 -50.0291536956718 -2.0467585722028616
10.0 1 2 0.545576865539843 0.643470025726956 -46.812415829014896 3.1659381214113935
10.0 2 3 0.5442799275925793 0.6420516986619207 -35.505760158855175 10.98564294416655
10.0 x 4 0.5426115777782429 0.6399770824712562 -35.505760158855175 -21.74115403208841
10.0 3 5 0.5397759950423943 0.6368417633031559 -34.50940638588263 0.9881513618911768
10.0 4 6 0.536791214139134 0.6337186858950647 -31.11970883028203 3.2621637656891096
10.0 5 7 0.5268041479198621 0.6224254270817876 -28.233727065462556 2.794903887949271
10.0 6 8 0.5270623590829975 0.6226276300915544 -25.980556855852956 2.0880722850903837
10.0 7 9 0.5210762084100347 0.6161821293553902 -23.11469473341128 2.50607177494863
10.0 x 10 0.5206150794559277 0.6156599535572811 -23.11469473341128 -0.13100933612906474
10.0 x 11 0.5277184798064048 0.6236270998887137 -23.11469473341128 -2.9906990742412667
10.0 8 12 0.5123996914007763 0.6063113699179745 -22.93742801963694 0.2949027502592294
10.0 9 13 0.516734418849772 0.6110566171280398 -23.75535439129889 -0.7272240216192181
10.0 10 14 0.5232118655075658 0.6178406759212104 -23.824766743957163 -0.14944007632365341
10.0 x 15 0.5328375046495686 0.6285918065219488 -23.824766743957163 -3.331386232419007
10.0 11 16 0.520801489151998 0.6152894799773139 -24.426482161385014 -0.47999175200003563
10.0 12 17 0.5098519767898022 0.6031730841137399 -25.46415214833285 -0.8286760661645296
10.0 13 18 0.5089809361978479 0.6021599051878809 -27.630544529141957 -2.0125375732914677
10.0 14 19 0.5060746321851594 0.5987175097388615 -22.03086806269877 4.932936262601768
10.0 15 20 0.4964463853282339 0.5879105775309146 -21.469160041393543 0.43990186819263144
10.0 x 21 0.492256667471986 0.5830908253305398 -21.469160041393543 -0.6238522421385291
10.0 16 22 0.4972269506829343 0.5886192556203732 -21.50808439981811 -0.03857143309075184
10.0 17 23 0.5000994037572484 0.5916571598214818 -21.76220531277727 -0.053729322988623096
10.0 x 24 0.5000381170134154 0.5914812893809962 -21.76220531277727 -4.53199382862088
10.0 18 25 0.4993183192555736 0.5910931177546618 -22.34935277369625 -0.4042154491848997
10.0 19 26 0.49847880278101525 0.5902719842058047 -21.61260619560856 0.5443052450490455
10.0 20 27 0.4933463222827371 0.5846718968585931 -21.49748509331812 0.22446886541327515
10.0 x 28 0.5013970971261253 0.5936317091753065 -21.49748509331812 -0.8210457701557061
10.0 21 29 0.4906160404974812 0.5816631437149434 -23.99467507664683 -2.0961721390196715
10.0 22 30 0.498019286958813 0.5899458417380505 -22.112764369357457 1.5540734894146624
10.0 x 31 0.49166726303827707 0.5826203152895191 -22.112764369357457 -3.3348343595923
10.0 x 32 0.5017795756022524 0.5941055516813599 -22.112764369357457 -1.2434913193208423
10.0 x 33 0.5046887290562379 0.5975324447856568 -22.112764369357457 -2.389041440144368
10.0 x 34 0.5033214928570737 0.5959258141651158 -22.112764369357457 -0.8442228613223861
10.0 23 35 0.5029967620819178 0.5954179117277678 -21.85666035009487 -0.11581319091983744
10.0 24 36 0.5088824121634351 0.6018226629623513 -23.126098241778372 -1.5954284044078264
10.0 25 37 0.5093440941391213 0.6020387246534492 -22.261173340271803 1.1481470783596208
10.0 26 38 0.5095703576794449 0.602346740777021 -22.28352176901218 -0.028398834409468776
10.0 27 39 0.5099412971471194 0.6027480462941301 -22.659698379239394 -0.5269518381349307
10.0 x 40 0.5093732626973644 0.6020950581716933 -22.659698379239394 -0.9792120824706068
10.0 28 41 0.5146077304887388 0.6080247990841519 -22.525210462853018 0.44267206504959944
10.0 29 42 0.5106347804016894 0.6032807223090823 -22.632321261126492 -0.39909871556114496
10.0 30 43 0.5095880742295247 0.6019755346155012 -23.7697412661665 -1.393376754273227
10.0 31 44 0.5164868475464578 0.6096912810212434 -22.61619120509429 1.6690743737250102
10.0 x 45 0.5204527924843783 0.6139617306278744 -22.61619120509429 -0.5320661049363018
10.0 x 46 0.5240709323229733 0.6182027453388217 -22.61619120509429 -0.9850667551346497
10.0 x 47 0.5164123186761381 0.609677237794825 -22.61619120509429 -0.518419347949628
10.0 32 48 0.5115853235673279 0.6039999963494623 -22.854631109541625 -0.008293813360214841
10.0 33 49 0.5115429113066376 0.6041211836876285 -22.526925971679315 -0.10713620724347805
10.0 34 50 0.5115958392126223 0.6037982419914552 -22.37159443780611 0.23130415734339138
10.0 35 51 0.5204807133141329 0.6138150732300486 -22.91004204817275 -0.37934235471249167
10.0 36 52 0.525052119548301 0.6189351266059175 -23.3743808616345 -0.7970759391010986
10.0 37 53 0.5187259776082838 0.6118162543386361 -22.816178303388035 0.665147466980315
10.0 38 54 0.5229032193197088 0.6164764589247533 -22.969994686677925 -0.032951411651747975
10.0 39 55 0.5219026364187156 0.6150482016502422 -23.34549377300262 -0.1735574351589193
10.0 40 56 0.5186075383669811 0.6117397465698383 -22.879890429798486 0.39222336552122883
10.0 41 57 0.5113522986175871 0.603901602092933 -22.782616608093573 -0.28720239365004474
10.0 42 58 0.5080457528763627 0.6001523723368357 -22.543730898045002 0.26923975189301785
10.0 x 59 0.5011261242425584 0.5924718495270661 -22.543730898045002 -1.543087787478516
10.0 43 60 0.5066479275248023 0.5987026437771875 -22.024841961737128 0.7925650392441526
10.0 44 61 0.5038299668203591 0.5952293010001104 -21.944769606602875 -0.03884487833490269
10.0 45 62 0.5106320263640867 0.6031486442076085 -23.36379889676842 -1.7453859493832944
10.0 46 63 0.5127244729862848 0.6057452597555271 -22.622941118378325 0.9559504964757437
10.0 x 64 0.5142104277323776 0.6074421372834653 -22.622941118378325 -0.651661344209419
10.0 47 65 0.5124065888621849 0.6053117996444531 -22.366742683136277 0.40568496065652226
10.0 48 66 0.5014481791771587 0.5929879712196366 -22.068539913535982 0.154009021795531
10.0 x 67 0.5097005712023951 0.6023954133098444 -22.068539913535982 -1.0366196234861107
10.0 49 68 0.4974488812378339 0.5886513738676996 -21.550307103267063 0.6542010697477707
10.0 50 69 0.49286073841619077 0.5836519991809388 -21.872976664943216 -0.5140418522360228
10.0 x 70 0.4905713753959784 0.5812073819601749 -21.872976664943216 -0.03510895865205299
10.0 x 71 0.4737780529436286 0.5623239797281552 -21.872976664943216 -1.0753223553766347
10.0 x 72 0.49948794662477747 0.5910883887162829 -21.872976664943216 -1.0778610577872278
10.0 51 73 0.48333949558765243 0.5729215141000128 -20.620785688093452 1.6207379409146192
10.0 52 74 0.48430332913287133 0.5739711097338862 -20.809769844185645 -0.08114506872754035
10.0 53 75 0.4786285701691849 0.5675907038291887 -20.334912398383466 0.40252553983393824
10.0 54 76 0.4759587193736694 0.5647974012523753 -20.44224760699447 0.053288717167625066
10.0 55 77 0.4733706957885575 0.5616740794201214 -20.780208951547582 -0.21760065543003648
10.0 56 78 0.4734705750239563 0.5616502515321427 -20.36862642833516 0.3212328664112434
10.0 57 79 0.47807244091689427 0.5666369897010857 -20.387690694447105 -0.37023432547881896
10.0 x 80 0.4777386254118013 0.5661610442639932 -20.387690694447105 -1.0787442949314325
10.0 58 81 0.4812043464033797 0.5698970999148146 -20.54960417244636 -0.14735539149255317
10.0 59 82 0.48001030892441726 0.5684374224367634 -20.42834884489988 0.27737810853921374
10.0 60 83 0.48076186189971537 0.5690341798127396 -20.76241725466389 -0.19227423115780695
10.0 61 84 0.4784363068799288 0.5665293503165583 -20.589511812115052 0.16575175934206499
10.0 62 85 0.4704065978482487 0.5574622618492435 -20.645934919314744 0.10870900864632205
10.0 63 86 0.46411874686982885 0.5501509198733355 -20.095312627617936 0.5493127763989385
10.0 64 87 0.46146399572876184 0.5471401548878487 -19.937104834584964 0.16060301394507803
10.0 x 88 0.46203399347440277 0.5478671998108328 -19.937104834584964 -0.8171257346463712
10.0 65 89 0.45700694851746115 0.5418724597759066 -19.211817567325888 0.6295882824497667
10.0 66 90 0.4441863961990373 0.5271896529877715 -18.104182939841117 0.9942676865604057
10.0 67 91 0.4448605084774874 0.5275394234260848 -18.230613755265487 -0.03661539746263287
10.0 x 92 0.45427023472782374 0.5379186064546955 -18.230613755265487 -0.8190214637653206
10.0 68 93 0.4398447062315057 0.5216207617730726 -18.813005690557027 -0.3213021780428349
10.0 x 94 0.4446226860490639 0.5270871081079268 -18.813005690557027 -7.451178332565192
10.0 69 95 0.42850639425858356 0.5083141365130105 -17.189570387018595 1.4743545646454486
10.0 70 96 0.4318152347897795 0.5123524306830141 -17.279266032646568 -0.19439844632822556
10.0 71 97 0.4256317069821061 0.5052537351336395 -17.70634984061503 -0.12240152497139789
10.0 72 98 0.4067447914212839 0.48355271622789464 -16.136146725019564 1.621139727528604
10.0 x 99 0.41773466894638295 0.49625717729428714 -16.136146725019564 -3.3182625173459925
10.0 x 100 0.41812663225910995 0.4966787364613748 -16.136146725019564 -1.5327970567161167
10.0 73 101 0.4064020522596375 0.4830573964059083 -15.664431805658534 0.3557977888818833
10.0 x 102 0.40519467399130776 0.4816795662449166 -15.664431805658534 -1.0368942082190067
10.0 74 103 0.40628588791689674 0.48306958147268825 -15.55656374551486 0.06247068051630755
10.0 75 104 0.4052365946571208 0.48191723630535177 -15.834240467908312 -0.6520996805667583
10.0 76 105 0.39898499511782365 0.4746289369694062 -15.161809384990542 0.7702696668228217
10.0 77 106 0.3853810486753155 0.4586482819660171 -14.112757550896077 1.1273341376536354
10.0 78 107 0.3791108638408345 0.45132354055433055 -13.38461907829749 0.9677022765365706
10.0 79 108 0.3634837100987874 0.43261132953370934 -12.6606049154071 1.040184825160841
10.0 80 109 0.36247589226345506 0.4314233806513443 -12.52724363065968 0.1380569637423701
10.0 x 110 0.3705856064203843 0.4411289775109497 -12.52724363065968 -0.6281487489827651
10.0 81 111 0.36368720516107084 0.4329095868506349 -12.389801516546065 0.06047336554656013
10.0 x 112 0.36924941755919233 0.4394372032858924 -12.389801516546065 -1.769109254506123
10.0 82 113 0.35950919358079547 0.42784184292766997 -12.107481697210156 0.32048670277268165
10.0 83 114 0.3605853082403932 0.4290524865947832 -11.982792608765466 -0.19769181787231105
10.0 x 115 0.372330622494682 0.44320715195694876 -11.982792608765466 -1.9320450432915326
10.0 x 116 0.37515283776500175 0.4465296858206432 -11.982792608765466 -1.033859022588837
10.0 84 117 0.3533206775215921 0.420462937371656 -11.766965665368243 0.11322613117433455
10.0 x 118 0.3583394713674055 0.4265417227150112 -11.766965665368243 -0.6050819620452579
10.0 x 119 0.35757538666716515 0.42555688545078135 -11.766965665368243 -0.7465801687026143
10.0 85 120 0.3531802652042579 0.4202388319990972 -11.281812265702467 0.7973886065393643
10.0 x 121 0.35314201681307233 0.42018527671181666 -11.281812265702467 -0.22093756684331112
10.0 x 122 0.3600999287196523 0.42851871162909155 -11.281812265702467 -0.6206643676690398
10.0 86 123 0.34794255883782294 0.4138746271409494 -10.891732165282582 0.47908163331785225
10.0 x 124 0.35283540088021165 0.4196645271740997 -10.891732165282582 -0.49149423205016696
10.0 x 125 0.3398116173715586 0.4038708480616065 -10.891732165282582 -1.0543366146617466
10.0 87 126 0.35399798150459805 0.421337650691275 -11.658112849974 -1.112125014885235
10.0 x 127 0.3679612992248271 0.4382803677288519 -11.658112849974 -0.7118914960570315
10.0 88 128 0.35015825443986087 0.41670630576115947 -11.506584692586928 0.12777398072364043
10.0 89 129 0.3462344311786686 0.4120052131549385 -11.114532378141758 0.4273519602657636
10.0 90 130 0.34744110952829294 0.41353461424856813 -11.240018818977864 -0.1365149132494068
10.0 91 131 0.3333030465830931 0.3959420344397503 -9.925341877553697 1.8874578709117174
10.0 92 132 0.3304792634719334 0.3923755690597094 -10.885571294456971 -0.7403047308233539
10.0 x 133 0.3389477753245887 0.4028598887783551 -10.885571294456971 -0.6550236064691681
10.0 x 134 0.34616576421159084 0.41190157678212813 -10.885571294456971 -3.611765028378363
10.0 93 135 0.33531890329563824 0.3985399063181422 -9.813878499315953 0.7205473610230371
10.0 94 136 0.34091627792706825 0.40549614799203926 -10.234522325701299 -0.5105087469975533
10.0 95 137 0.3476885757854638 0.4137126935216137 -10.837154527515256 -0.6267197185166218
10.0 96 138 0.36304590376000173 0.4321004699147367 -12.279821006007804 -1.4524692885040125
10.0 97 139 0.35590679976308365 0.4235735041700065 -11.651820761802693 0.6465785014769097
10.0 98 140 0.34529074762749545 0.41090647626050397 -10.78158278223334 0.936190075258672
10.0 x 141 0.35762131241551814 0.42559571938559615 -10.78158278223334 -1.0701032164743651
10.0 99 142 0.3380074989877093 0.402009045734561 -10.249493213625797 0.6141989629211544
10.0 x 143 0.34603680385457064 0.41165982193065925 -10.249493213625797 -0.6691015613339211
10.0 x 144 0.34701171388536567 0.4128237092453553 -10.249493213625797 -0.703321753483305
10.0 100 145 0.3339414892933361 0.39706635474993257 -10.250697410297477 0.11360156448863279
10.0 101 146 0.33185549857536434 0.3945369005022681 -9.551323946718181 0.5568479185916253
10.0 102 147 0.3322176988229285 0.3948558838828487 -9.745585011940875 -0.132837723867393
10.0 x 148 0.34228548731841424 0.4072564310090261 -9.745585011940875 -0.8338789250127636
10.0 103 149 0.3345456208027267 0.39780555393766787 -10.703257046531567 -0.8095690330347605
10.0 x 150 0.33517994706467474 0.398514226104571 -10.703257046531567 -2.0469237688474333
10.0 104 151 0.32055289368752043 0.3806172153723515 -9.440130286009193 1.3502033404030893
10.0 105 152 0.31735681949761824 0.376905982074564 -8.235510674039016 1.0123291694765975
10.0 106 153 0.3128267158007449 0.3711152238732845 -7.767201290038159 0.4740519027408432
10.0 107 154 0.3156941091860323 0.3744710154894197 -8.571976258868045 -0.6682601505000925
10.0 x 155 0.3296658155067342 0.391726029079382 -8.571976258868045 -3.642333775100024
10.0 x 156 0.31693614351071475 0.3759138194497204 -8.571976258868045 -0.8931801822529319
10.0 108 157 0.3103205877946779 0.3675053108981877 -7.413924735696395 0.914657660725914
10.0 109 158 0.30940393998149895 0.36618605613244853 -7.498312047006332 -0.23405397634836778
10.0 110 159 0.3009527328054907 0.3552940564523182 -6.50060457432983 1.2150072713775293
10.0 x 160 0.29931261915561636 0.35309922645199393 -6.50060457432983 -1.704708164706692
10.0 111 161 0.3034345914875043 0.35854548470730535 -7.12704071236079 -0.4209121110178904
10.0 112 162 0.301814410911153 0.3564223651642613 -6.683074991297465 0.3497795812377724
10.0 x 163 0.30502038529680503 0.3605494217270606 -6.683074991297465 -0.4970103116959823
10.0 113 164 0.304776986419173 0.36062018723433653 -6.891985986462454 -0.29962008805614193
10.0 114 165 0.30712320888809996 0.3635613081949647 -7.228666586709079 -0.5253355165603271
10.0 115 166 0.3079268809425564 0.36495931387501857 -7.191158423201142 0.1979740685406668
10.0 x 167 0.31131915478600436 0.3687808049406716 -7.191158423201142 -0.980734632380404
10.0 116 168 0.301825219399676 0.35740979191027433 -6.824938091550592 0.19125142223031322
10.0 117 169 0.29261703390604515 0.3454038970851093 -6.346355291321832 0.40312695348561345
10.0 118 170 0.29032620948044835 0.34246335211865925 -5.575254464308361 0.9651088435509667
10.0 x 171 0.30570619577519964 0.36249823656365615 -5.575254464308361 -1.360401344564508
10.0 119 172 0.2865749978700429 0.3376359275640244 -5.069839096289236 0.6134222770900122
10.0 120 173 0.2819424074291855 0.3315366839547424 -4.825038111376452 0.14360674012178087
10.0 121 174 0.2796666536684973 0.3278425569159306 -4.610599563705371 0.22818486188798381
10.0 x 175 0.27320409862565953 0.31783181977682645 -4.610599563705371 -0.6914473710579498
10.0 122 176 0.27614855413381423 0.3220108557072102 -4.443004144174698 0.1292637747501173
10.0 x 177 0.2682118939948247 0.310867043333377 -4.443004144174698 -1.3269372809596556
10.0 x 178 0.2696925351532724 0.31389478786444014 -4.443004144174698 -2.2934039117897687
10.0 123 179 0.2678103679470836 0.3081942125078555 -3.8994816082635024 0.5213522388728169
10.0 124 180 0.26149466116039644 0.29851514342425184 -3.129607908230704 0.8268894151097204
10.0 125 181 0.26960560210737466 0.3114205033631174 -4.236081920807746 -1.2078801349217052
10.0 x 182 0.2683189746669834 0.3099035845688852 -4.236081920807746 -4.01977251966793
10.0 126 183 0.26461101724596175 0.30366751535838354 -3.3757449100897596 0.9574859393911646
10.0 127 184 0.2660807843586984 0.3051780935591902 -3.292442483845062 0.1419703035441109
10.0 128 185 0.2599204332644453 0.29642727309581257 -3.1875618968239285 0.0005810058365209869
10.0 129 186 0.25575545128499183 0.2887827080341705 -4.268796486006155 -1.305142951678146
10.0 x 187 0.2603586424176918 0.2961489536397089 -4.268796486006155 -0.7245561292382057
10.0 130 188 0.25770701867510826 0.29143096319814177 -4.182612996604262 0.10174504523516603
10.0 x 189 0.2699323907018143 0.3114751870025554 -4.182612996604262 -1.3670215392283414
10.0 131 190 0.25046836384262394 0.2823002889707354 -4.713081555356078 -0.662522535793026
10.0 132 191 0.25691953626552644 0.2919592187585254 -5.518023715648649 -0.8636604368813625
10.0 x 192 0.2579443726373073 0.29296791255683585 -5.518023715648649 -1.885995147451899
10.0 x 193 0.24907045839930003 0.28051510992861045 -5.518023715648649 -1.0850124214960521
10.0 x 194 0.2601041077497446 0.29523667563651146 -5.518023715648649 -0.7118557521105213
10.0 x 195 0.25191519467814705 0.2828232414693399 -5.518023715648649 -0.6861096460476643
10.0 133 196 0.25522413839091423 0.2878866873914153 -2.866784459053844 3.0209432066969475
10.0 134 197 0.24709844939915018 0.27448584723391045 -4.066363171800685 -1.4570508815391454
10.0 135 198 0.24381766197551855 0.2694693924015608 -5.621836480377111 -1.7538767331627572
10.0 x 199 0.25534798773397666 0.2889687488100265 -5.621836480377111 -1.850554941737684
10.0 136 200 0.2502097986291718 0.2773160987223285 -2.913081081833 3.0942780370441314
10.0 x 201 0.25302970341876435 0.27999581419375413 -2.913081081833 -2.2063571154544315
10.0 137 202 0.24773989375906597 0.27262276881434416 -3.019736241330592 -0.1406240646735455
10.0 138 203 0.24613670519706715 0.27114109417700555 -2.207720783589206 0.9190652802646229
10.0 139 204 0.24555089597375376 0.26959711775450806 -4.412358407691827 -2.5235292152964393
10.0 140 205 0.24718040047738218 0.2727525976492726 -4.774329131933744 -0.40054982586077426
10.0 141 206 0.24238831242202616 0.26125912144039587 -2.967631854294583 2.003602438000074
10.0 142 207 0.24813421959222604 0.27174400562951667 -2.6876111057098497 0.38158854970897327
10.0 143 208 0.24941765069884614 0.2756156446003415 -2.718980409151226 -0.016709249634824896
10.0 144 209 0.24909879357597628 0.27406932358346575 -2.047762737293847 0.7886862457826442
10.0 145 210 0.24760694638683137 0.27107451619614037 -1.2091151070687176 1.0029872542670941
10.0 146 211 0.24155397787603694 0.2600056353341216 -0.6343582785928832 0.5782719224410826
10.0 147 212 0.2386613306383404 0.2532964870315639 -0.008601472241250185 0.7217233268250296
10.0 148 213 0.23280060355169066 0.23610550486481774 0.8834352447940065 0.9913339290603208
10.0 149 214 0.2329286802490118 0.2376510823021656 1.0973863738640492 0.33043430751377956
10.0 150 215 0.2308064521861227 0.2339154139501471 0.5964768784611651 -0.7559748238830624
10.0 151 216 0.23306412131513554 0.2333388934585825 0.0027907758139964047 -0.6715133390814214
10.0 152 217 0.23704048459217697 0.24366225041262374 -0.37486513642041 -0.3872742908303802
10.0 153 218 0.24189427131156402 0.2528712681926436 -0.9985350538285076 -0.6621921476669038
10.0 154 219 0.24191197777632473 0.2521942298871426 -0.8785273782687716 0.15745889246979294
10.0 155 220 0.24387105748226912 0.2529340398523713 -0.6093270789153676 0.3885131500535657
10.0 156 221 0.24188768134616037 0.2486746517191781 -0.5903247718564851 -0.02992114954351277
10.0 157 222 0.23887891564377034 0.2426397822702228 0.3463620444890937 1.1915547461236298
10.0 158 223 0.24208820923765434 0.2428724726931458 -1.4745135228399806 -2.2611654641730388
10.0 x 224 0.2419397795210324 0.24605642298297756 -1.4745135228399806 -1.7347727418260077
10.0 159 225 0.24422924622142744 0.2509903514674471 -0.2842899253891232 1.6167523173212406
10.0 160 226 0.240651747032984 0.2423312488937955 0.14456788386461855 0.5371208235058514
10.0 161 227 0.23984390270091316 0.238523737647411 0.05165210708059096 0.015267601369726408
10.0 162 228 0.23941335635806157 0.24016210707868718 0.29483013552434656 0.13513679326891062
10.0 163 229 0.23869802628780454 0.245343787358727 0.29649894990466674 0.08320425945191456
10.0 164 230 0.23605194022489376 0.23992466275206278 0.13969534237596495 0.01505042119521896
10.0 165 231 0.2334036634751835 0.22640548549846962 1.068993960174632 0.6969887197299466
10.0 166 232 0.2352137538853329 0.21954712347342198 0.6423363078789752 -0.3194442032215121
10.0 167 233 0.23631654931147586 0.2240105863675382 -0.9024040963398787 -1.282841256755714
10.0 168 234 0.2349965948201421 0.22372833270774478 -0.5234379624020408 0.365105327962696
10.0 x 235 0.23537628597853086 0.2200458857532228 -0.5234379624020408 -0.9635502708764387
10.0 x 236 0.23493949478907444 0.22690921662382096 -0.5234379624020408 -0.9487991022234024
10.0 169 237 0.2368104292380531 0.21890540926090424 -0.1460408428202701 0.258288993988222
10.0 170 238 0.23629583906783588 0.22119873128150241 0.41281356423571713 0.4535612074783496
10.0 171 239 0.23347615092483553 0.20769144688133565 0.4070385038852418 0.1033054747732341
10.0 172 240 0.23383740994189642 0.2124081932131171 0.8980201611769258 0.3298572219502633
10.0 173 241 0.23390231994753374 0.2131489456706363 0.9698762042287379 -0.13747889894602605
10.0 x 242 0.2349329548524828 0.21233086877325183 0.9698762042287379 -1.2136075977056664
10.0 174 243 0.23751847746862412 0.22268710348729406 0.5508621542543585 -0.3620620178419717
10.0 x 244 0.23738810770379376 0.22898256276234166 0.5508621542543585 -0.524986445891394
10.0 175 245 0.23600687763084058 0.22456614906782102 0.5338681013797537 -0.18783298448097352
10.0 176 246 0.2360290408258517 0.2268116335422761 -0.20987852107687557 -0.9416274479909773
10.0 x 247 0.2403495132165504 0.23182050513107008 -0.20987852107687557 -1.5732964380070409
10.0 177 248 0.23467340209091225 0.22399600353961768 0.3749191108716959 0.6911274368465887
10.0 178 249 0.23345841529049466 0.21059714692705428 1.014801017172914 0.8460843957773803
10.0 x 250 0.23711314957982824 0.20968366665640648 1.014801017172914 -0.8552480376415403
10.0 179 251 0.23517507399755394 0.21416292458964786 0.44635567585154645 -0.27746586737643797
10.0 180 252 0.2344857679569552 0.20831115266214015 -0.8322306618490867 -1.0359387796046655
10.0 181 253 0.2296867443864473 0.199462957428222 1.0739655399288637 1.7361348030471557
10.0 182 254 0.22794660469246072 0.18777188062957062 0.731574164684232 -0.22808328235129305
10.0 x 255 0.23171188287377506 0.19214119669531488 0.731574164684232 -0.8511307549933744
10.0 x 256 0.22844309616114333 0.1806559912783859 0.731574164684232 -2.131580429634967
10.0 x 257 0.22640450457598796 0.19178058526920516 0.731574164684232 -3.611168834008347
10.0 183 258 0.23080303748715023 0.1952711965712991 0.16926068879418832 -0.5541285296946372
10.0 184 259 0.23297789782161085 0.1905335513501326 0.6620829534792367 0.3312600971668429
10.0 185 260 0.23487282183447214 0.18259739223062132 0.8069446732636358 -0.01658057509836186
10.0 186 261 0.236946463156178 0.17910978310648376 0.5753332819968897 -0.430563943544108
10.0 187 262 0.23765083729978023 0.17173479188923388 0.49292062065274067 -0.08130337129880705
10.0 188 263 0.23325585295278348 0.17235492051980167 0.9668495279865951 0.7070920033904902
10.0 189 264 0.22809560658044883 0.17854895838913948 1.309376808448236 -0.002905812496561855
10.0 190 265 0.22953697773553955 0.17091860198900655 1.5179671186745558 0.5349325730871608
10.0 191 266 0.23171784209276808 0.16893665264578844 0.22390158985535474 -1.7970632627716916
10.0 192 267 0.23275009318870774 0.17461681891803887 0.9680473363531696 0.9760581205863239
10.0 193 268 0.2283238759477678 0.175371824693341 1.5629313410371097 0.640676205638399
10.0 194 269 0.22598975158566179 0.17987757402126758 1.957493788917894 0.6693742346763372
10.0 195 270 0.22559844453708552 0.17491417386439218 1.966912244068591 -0.2290538770334265
10.0 196 271 0.22345124251964985 0.18113496859553496 2.331628157545765 0.4388232994514467
10.0 197 272 0.22234546716406947 0.18224360113587054 2.225084946941697 -0.23588630058324123
10.0 198 273 0.22555960747289586 0.17841388227238925 2.090281298259261 0.06601081056790958
10.0 x 274 0.2246382768385542 0.1825993859425338 2.090281298259261 -0.49233709536561054
10.0 199 275 0.22639322134532008 0.1763601035940594 1.0002836849280037 -1.4944210225673809
10.0 200 276 0.23143552092532355 0.17275798727350114 0.02171231148987509 -1.081229586173769
10.0 x 277 0.234637642550886 0.17229162263886041 0.02171231148987509 -1.18251440866872
10.0 x 278 0.23083453862934636 0.17164716044365008 0.02171231148987509 -2.3352543863528674
10.0 201 279 0.23271365259868368 0.17438125136143034 -0.06266270738965787 -0.08990755913935439
10.0 202 280 0.23398761760767722 0.1790967559733915 0.45655690773159385 0.6591179169642419
10.0 x 281 0.23580893693072166 0.17739723089669968 0.45655690773159385 -1.024959580765462
10.0 203 282 0.23523039122368555 0.18225930040174643 0.7515025398736672 0.4538968089825055
10.0 x 283 0.24176106109116388 0.174177124452817 0.7515025398736672 -2.8752697211572773
10.0 204 284 0.2367107498559928 0.18524171353224406 0.57603029361287 -0.18266708400856546
10.0 205 285 0.23638892462228994 0.18856788834369964 -0.16790810984813992 -0.31619568402776954
10.0 206 286 0.2353681968531512 0.19161967426234625 -0.3482151013308 -0.12691420774683665
10.0 207 287 0.23375188968498453 0.19139664019413924 -2.1509715747350295 -1.5681050602559448
10.0 208 288 0.23215110532721617 0.1853151536702055 -2.8741516809771515 -0.6376017858276448
10.0 209 289 0.2292125110668988 0.1908166686996413 -3.3793192004377586 -0.422786685430915
10.0 210 290 0.2274455754092671 0.18877388085485 -0.3013230242408326 2.8630597507380102
10.0 211 291 0.2266069001705645 0.19060175350465997 -1.086578843358043 -0.6964734824560561
10.0 212 292 0.22644354705487665 0.19049290873716487 -2.033795839842433 -0.8639753549285885
10.0 213 293 0.22679561463844103 0.1917591432595849 0.6806606458999929 2.434325964143378
10.0 214 294 0.22906191956785968 0.2042009069131457 -0.36407889442785224 -0.9675592850494739
10.0 215 295 0.2285875555275067 0.19530181766585852 -0.31002332666450094 0.05161888812259219
10.0 x 296 0.22701729016213998 0.1951743170181165 -0.31002332666450094 -2.5773063052360703
10.0 x 297 0.22992525552909 0.18913962166311524 -0.31002332666450094 -1.6478388734926686
10.0 x 298 0.22912943797818794 0.18881773023938253 -0.31002332666450094 -1.3998825596369877
10.0 x 299 0.2304077199462707 0.1888375214355028 -0.31002332666450094 -2.315000824242966
10.0 216 300 0.22670764253219206 0.19448232507746174 -1.8286318552849992 -1.3448375109095931
10.0 217 301 0.2253074952233951 0.18859881830057806 1.9527333506523423 3.2989513291481107
10.0 218 302 0.22371873141385193 0.18610836290354776 1.9705099027489665 0.09045698459062046
10.0 219 303 0.2208712451461831 0.19624414765919743 2.7014071986900303 0.5929605408028933
10.0 220 304 0.21855020880378265 0.1921422166589144 3.0035732393785275 0.34791852739751006
10.0 221 305 0.21859654314766713 0.1921743955156955 3.0064225650201104 -0.015035837746532277
10.0 222 306 0.22056962730412552 0.183098384843474 2.6406452706166657 -0.5659598627909133
10.0 x 307 0.22087149199568773 0.18235795867648183 2.6406452706166657 -0.6412382353954156
10.0 223 308 0.2194153485609496 0.1910517277692593 2.65201632337678 0.3351568602524071
10.0 224 309 0.2176470569125016 0.19131255302647862 2.548166629084267 0.007132391148190198
10.0 x 310 0.21643721543863154 0.18934488456122447 2.548166629084267 -0.9970379093853823
10.0 225 311 0.2184821214591517 0.19615570519250045 2.782523461140827 0.1383509954636799
10.0 226 312 0.21713141602777916 0.20120002660713204 2.126259502839118 -0.4685149084832876
10.0 227 313 0.21906835685215384 0.20329986230384617 1.7638827245849478 -0.36404414124224305
10.0 228 314 0.21814217496246957 0.2038038777525846 3.00634752379786 0.9747448221289985
10.0 229 315 0.21678902282505802 0.20938243791669123 3.2736713978268535 0.16369847821316785
10.0 230 316 0.2169888441484467 0.20644567083460882 3.2220208734367652 0.01045656613328827
10.0 231 317 0.21866791513117284 0.21012684736805157 2.452508133887833 -1.126751266649907
10.0 232 318 0.22206948281602126 0.22007296567595655 2.000173735609866 -0.4679783111230029
10.0 233 319 0.2220394799874975 0.2142789208398886 2.4602167717807184 0.6308382753585637
10.0 x 320 0.22471440521250516 0.21650708690620274 2.4602167717807184 -0.12290065620413859
10.0 234 321 0.22205390294769714 0.2209333817754847 2.356041690916665 -0.16129225615897314
10.0 235 322 0.2249623115759658 0.22724662102488727 2.1701133998302358 -0.0248112921273842
10.0 236 323 0.2275972271199177 0.23190630576318147 1.8245434669753504 -0.3773586836985665
10.0 237 324 0.2266924033562171 0.22983256671520613 1.9312576019456131 0.14678218252623232
10.0 238 325 0.22507267103321815 0.23053685801440338 1.8404613821467646 -0.33470461373987526
10.0 239 326 0.22445213467520378 0.2334582941054424 2.2141109179591814 0.5329261952521998
10.0 x 327 0.2248470392682875 0.23071788249367006 2.2141109179591814 -0.16278416903891335
10.0 240 328 0.22290776413876082 0.22798469041283004 2.291881117389457 0.005870663419436095
10.0 241 329 0.22390112133358825 0.23276537076082737 2.1101606249461367 -0.21210409678425357
10.0 x 330 0.22470404672469566 0.23087876285286502 2.1101606249461367 -1.1034944745998299
10.0 242 331 0.22645905902848515 0.23932690935689765 1.8453057898727523 -0.2545643046805903
10.0 243 332 0.22236112627305343 0.2292978413776724 2.4827935185536485 0.7415422529973776
10.0 x 333 0.22137252441911764 0.22457750026139878 2.4827935185536485 -2.4513417188170665
10.0 244 334 0.22210291643850538 0.22652194524968444 2.2658483196166435 0.04911964688785231
10.0 245 335 0.21999187601818468 0.22069641647123986 1.8267476007167651 -0.2591767773372793
10.0 246 336 0.21910048881750585 0.2157351169354105 1.5718402696033382 -0.19244434114155706
10.0 247 337 0.21727988359770192 0.20769772635713657 1.882010053763521 0.3240727503408771
10.0 248 338 0.22041188052485142 0.21748180567674436 1.8981871845795637 -0.08076379666229316
10.0 249 339 0.22046697399505644 0.22436025784519492 2.2503963529245175 0.281804571291564
10.0 x 340 0.22272026773693945 0.2288667971772492 2.2503963529245175 -0.7350336584987303
10.0 250 341 0.21595415478025415 0.2188714683441461 1.9085669202824462 -0.13756350919939475
10.0 251 342 0.2158760526923187 0.2258444750446799 0.1222337886019366 -1.6056559627840366
10.0 x 343 0.21841375716432776 0.2273522899706278 0.1222337886019366 -5.127984238370288
10.0 252 344 0.2173081006175492 0.2215055448148536 0.904699133058682 0.6840540155952718
10.0 253 345 0.21363699463267105 0.21000589643685405 2.6991905052780334 1.665404672471187
10.0 254 346 0.21238846558713262 0.2082157676435103 3.6651925051316487 0.7915008581030403
10.0 255 347 0.21250300191232077 0.21081994675822557 3.2350477713537615 -0.31395360802186234
10.0 256 348 0.21118103253956086 0.20588516609587382 4.041168755585654 0.5883638335231223
10.0 257 349 0.21176729650385143 0.21247894149024268 3.7623078793254665 -0.17196806304196421
10.0 258 350 0.21115333972038863 0.20240785093458089 3.960196935452133 -0.08576197771754179
10.0 259 351 0.20966615041102246 0.19994735632300528 3.1425452696228446 -1.1024471694890465
10.0 260 352 0.20860658276054997 0.200595622492323 3.2092753474936244 0.05553824394706908
10.0 x 353 0.21026084790992405 0.20625936722149746 3.2092753474936244 -0.25221754852849454
10.0 261 354 0.20886542511488282 0.19584467989845566 3.143057838810129 -0.07972867427449337
10.0 262 355 0.21109579075019355 0.1924631351030583 3.95404307966995 1.114453833130987
10.0 263 356 0.21115919634130537 0.19332990176254367 3.86891195382218 0.19575872410655748
10.0 264 357 0.21048254116352969 0.19699821024075667 2.8166056032728135 -0.8108237004502512
10.0 x 358 0.21381451003277122 0.20902968206821393 2.8166056032728135 -3.601185065001019
10.0 x 359 0.21264453536419942 0.19773296833459997 2.8166056032728135 -2.3609919458182884
10.0 265 360 0.21285197262959998 0.1905333530497744 2.9354306637618 0.02886173024355454
10.0 x 361 0.21175997226297358 0.18852519472928508 2.9354306637618 -0.9900323018616473
10.0 266 362 0.21388888116892327 0.19432488934483136 3.645370717933276 0.3041505487322529
10.0 267 363 0.21637691155373714 0.1937503037679306 3.1703027951952634 -0.5917805540082877
10.0 x 364 0.21927631876376474 0.1970821040894564 3.1703027951952634 -2.17038915386593
10.0 x 365 0.21758360257492476 0.18713996882683714 3.1703027951952634 -0.8896859335764526
10.0 x 366 0.21789235713255878 0.2043654173073248 3.1703027951952634 -2.599516581185921
10.0 268 367 0.21646284586123193 0.19233554001806624 3.1605600823506284 -0.023487826213107077
10.0 x 368 0.21769460323427675 0.1949543521258254 3.1605600823506284 -0.5603941530552436
10.0 x 369 0.2168993058038883 0.19076267584792897 3.1605600823506284 -0.6073582040538943
10.0 x 370 0.21791760715498912 0.1884551078974323 3.1605600823506284 -1.4911481438625689
10.0 x 371 0.21509351400444576 0.1958498349134476 3.1605600823506284 -1.4053072636202728
10.0 269 372 0.21453523085595833 0.1924111291124452 3.494269520260398 0.6151342405479685
10.0 270 373 0.2131009280550831 0.187777754867028 3.6902860624553577 0.21342445531958143
10.0 271 374 0.2125166355382583 0.19724850233923252 3.6949403659323776 0.0429954309289986
10.0 272 375 0.21327095929067305 0.18939900924061046 3.6647142065625844 -0.30510323180024956
10.0 273 376 0.211475669835603 0.18384953426754222 3.930479121255394 0.5120987337493901
10.0 x 377 0.21133622045696374 0.19760701103185932 3.930479121255394 -1.030849402308669
10.0 x 378 0.21370698849835168 0.17871637329033147 3.930479121255394 -0.4682099680592273
10.0 274 379 0.2098863206645115 0.18552865800555784 4.233307285259104 0.25595017879857496
10.0 275 380 0.20866240406552083 0.18249278728805116 3.400036529438295 -0.5015206351318149
10.0 276 381 0.2098837968984627 0.18296433717448146 3.1652933591148043 -0.24332881294763853
10.0 277 382 0.2102818126162512 0.18023561574362307 2.9856312839565606 -0.1638122056044038
10.0 278 383 0.21035752667258792 0.17695826894197755 3.5181921872799533 0.43304560319794616
10.0 279 384 0.21412009991835082 0.17564365215434036 2.9207492895332834 -0.6327489189306972
10.0 x 385 0.21219624701558792 0.1824916343062633 2.9207492895332834 -1.0475646189828685
10.0 280 386 0.2123840220847749 0.1786221675007656 3.869936098966454 0.7133025365855858
10.0 281 387 0.21485176840455206 0.17640442847281557 3.535689343693197 -0.4439761314495114
10.0 282 388 0.215714229091002 0.17249219239091174 3.356519946338031 -0.2543984548008553
10.0 283 389 0.21812647321239292 0.1770446974390403 3.064207289764736 -0.15914598266054103
10.0 284 390 0.22044969528092248 0.17840700737846887 2.775780278508015 -0.37792610891282985
10.0 285 391 0.22257358514031442 0.17653384624841403 2.4740278911954663 -0.2741410133815183
10.0 286 392 0.22246657327647068 0.17902126179625785 2.4966576164096295 -0.05391679605573385
10.0 x 393 0.22590240636822354 0.1740735151315372 2.4966576164096295 -0.41721299315870874
10.0 287 394 0.2226962006760189 0.17682455882558454 2.1272700372661157 -0.5572384963388832
10.0 288 395 0.22264717066760203 0.17936384558760662 1.8926982679395348 -0.2999115998040933
10.0 289 396 0.22219388118951142 0.18596434002466525 2.515428854525706 0.8674950123082175
10.0 290 397 0.2234790970095811 0.19030119921595376 2.365598589400482 -0.07759623662509041
10.0 291 398 0.2224010258039828 0.18777116086210502 2.4464594413891754 -0.033144082067212643
