6.0 x 0 0.5377838964067219 0.6349254079475675 -83.38192282611966 -30.749263273050595
6.0 x 0 0.5377838964067219 0.6349254079475675 -83.38192282611966 -30.749263273050595
6.0 x 1 0.5521417532299063 0.6505864202488267 -83.38192282611966 -3.428196716555952
6.0 1 2 0.545576865539843 0.643470025726956 -78.02069304835815 5.310430032515995
6.0 2 3 0.5442799275925793 0.6420516986619207 -59.17626693142529 18.523413390939695
6.0 x 4 0.5426115777782429 0.6399770824712562 -59.17626693142529 -36.606285898868464
6.0 3 5 0.5397759950423943 0.6368417633031559 -57.51567730980438 1.652387210539537
6.0 4 6 0.536791214139134 0.6337186858950647 -51.86618138380339 5.521962136089506
6.0 5 7 0.5268041479198621 0.6224254270817876 -47.056211775770926 4.718891731162259
6.0 6 8 0.5270623590829975 0.6226276300915544 -43.30092809308826 3.59018575816345
6.0 7 9 0.5210762084100347 0.6161821293553902 -38.52449122235213 4.416646523243081
6.0 8 10 0.5206150794559277 0.6156599535572811 -38.858961031962316 -0.2647972599731361
6.0 x 11 0.5272517305495844 0.6231042349386594 -38.858961031962316 -6.2620883540436765
6.0 9 12 0.5119649146340376 0.6058133854979602 -38.74524117648544 0.23153118540115258
6.0 x 13 0.516267360557598 0.6105279413207013 -38.74524117648544 -1.4999098204469092
6.0 10 14 0.51842054183693 0.6126054169412205 -38.92891252117525 -0.2638166829944737
6.0 x 15 0.528220952403961 0.6235783827471572 -38.92891252117525 -5.30756874509941
6.0 11 16 0.515923357722065 0.6099508050733016 -39.77264895593086 -0.7221828636510921
6.0 12 17 0.5047693707948513 0.5975670936828106 -41.194185396584025 -1.212512440296706
6.0 x 18 0.5039042549657123 0.5965513487345899 -41.194185396584025 -3.1702869447352313
6.0 13 19 0.5016890082512182 0.5939323008500109 -36.386113955574906 4.141543019786226
6.0 14 20 0.4919252925998692 0.5829395170319812 -36.132201910156816 0.13204579926956939
6.0 x 21 0.48761303865715555 0.5779744301034174 -36.132201910156816 -1.7385921831578628
6.0 x 22 0.4927425001587454 0.5836938320604769 -36.132201910156816 -0.04073735461828676
6.0 15 23 0.4946742767238891 0.585867909670375 -35.5822182595665 0.750202422106014
6.0 16 24 0.4945081286937352 0.5855793318096381 -39.79964538698639 -3.599865975278469
6.0 x 25 0.49357364419936445 0.584842129739985 -39.79964538698639 -3.4883080582228843
6.0 17 26 0.4938348462551854 0.5849404526472815 -36.96212070261009 2.6448193850297272
6.0 18 27 0.4886828371837203 0.5793049153267006 -37.400783227035724 -0.32923977942866856
6.0 x 28 0.49662008465598073 0.5881484595917562 -37.400783227035724 -2.267408500707404
6.0 x 29 0.4857028455213828 0.5760143199975396 -37.400783227035724 -7.362652593815973
6.0 19 30 0.4957637436079696 0.5872303177109147 -35.80851343932554 1.2641992863301823
6.0 x 31 0.4894671947555983 0.5799633050381905 -35.80851343932554 -3.359482207338864
6.0 x 32 0.49957382117293003 0.5914432347999484 -35.80851343932554 -1.2755120646303624
6.0 x 33 0.5024448392870154 0.594838035952448 -35.80851343932554 -2.613099619723215
6.0 x 34 0.5010155018112762 0.5931547656983532 -35.80851343932554 -0.9393979682805451
6.0 x 35 0.5006430190453972 0.5925882362513768 -35.80851343932554 -1.3135499123154588
6.0 20 36 0.5016263397491757 0.5936321170392398 -36.59651025163887 -1.1139209964067902
6.0 21 37 0.5018798427128802 0.5936242357961197 -36.351326188033845 0.5282761395956186
6.0 22 38 0.50218466787873 0.5940127602962929 -36.367954794686774 -0.022258357377850757
6.0 23 39 0.5025852335969175 0.5944372173955937 -36.33739737121663 -0.12043933818414843
6.0 x 40 0.5016272637545325 0.5933379693376888 -36.33739737121663 -0.7348239671179257
6.0 24 41 0.5071159313930481 0.5995816096720574 -37.76412340373161 -1.1183209499274156
6.0 25 42 0.5027118638334113 0.5943311989879504 -36.33020853351548 1.1427300934682805
6.0 x 43 0.5022853042049068 0.5936572835007456 -36.33020853351548 -1.1858980466364244
6.0 x 44 0.5097338463830258 0.6021927961772012 -36.33020853351548 -4.14192825801053
6.0 26 45 0.5067730824513337 0.598746195006719 -37.273629412557504 -1.1397226282914943
6.0 27 46 0.5145786315185394 0.6075441772772321 -37.49355572042643 -0.00026873598260834797
6.0 x 47 0.5143505288290571 0.6073503069802902 -37.49355572042643 -0.7623183652363039
6.0 28 48 0.5096782884941047 0.6018447799956669 -37.805040320845336 -0.08149573385747999
6.0 29 49 0.5097848718950961 0.602123370072039 -37.43027123317366 -0.05968983248701676
6.0 30 50 0.5098202910401411 0.6017500213189655 -37.144881697577524 0.3621632611353789
6.0 x 51 0.5187635407568647 0.6118715316137252 -37.144881697577524 -0.680952281537273
6.0 x 52 0.5147811288119737 0.6073204875720819 -37.144881697577524 -2.5226992033244215
6.0 31 53 0.5027807994495866 0.5937962610498707 -36.32697738711398 0.9259196749608023
6.0 32 54 0.5072177334324628 0.5987901763825324 -36.96803038180016 -0.5201743450913838
6.0 33 55 0.5064630405013334 0.5975879268938695 -38.211379441395856 -1.0407840963917891
6.0 34 56 0.5027111701669237 0.5937425846802922 -37.09047730486241 1.0470667348439449
6.0 35 57 0.4952148788064662 0.5855662854076056 -35.92002057196029 0.7860337250526044
6.0 36 58 0.4914734042356982 0.5812882279083051 -35.500645818768184 0.44851130523731086
6.0 37 59 0.4843486605492092 0.5733133206910077 -37.01813139852044 -1.8243454459206987
6.0 38 60 0.4824825274801424 0.571329768861364 -34.83772984314609 2.4534500779229447
6.0 x 61 0.47945233995496195 0.5675972295666676 -34.83772984314609 -0.617017854880821
6.0 x 62 0.48976623157345267 0.5798240275263719 -34.83772984314609 -3.3359205261249016
6.0 39 63 0.4846637794298873 0.5740683824110029 -34.500746319613036 0.5521425637073492
6.0 x 64 0.48604404051970507 0.5756942919081555 -34.500746319613036 -0.46086850924834977
6.0 x 65 0.4844631015297618 0.5737581037960541 -34.500746319613036 -0.1674942180042862
6.0 40 66 0.4721710108727161 0.5598825203003752 -33.656487496275055 0.6998596822917946
6.0 x 67 0.4809524531731207 0.5700028481940952 -33.656487496275055 -2.8221532558755342
6.0 41 68 0.46762673337573735 0.5548474251694573 -32.79294810093311 0.9997388135406666
6.0 x 69 0.4628141453006031 0.5494594580439748 -32.79294810093311 -0.5781276697175812
6.0 42 70 0.4656625750988742 0.5527391354776136 -32.660469404329014 0.10907016572331685
6.0 43 71 0.4452173493869522 0.5294426418314675 -32.6289396342618 -0.23447301589754943
6.0 x 72 0.4529014500451585 0.5382911469266306 -32.6289396342618 -2.088966209936615
6.0 44 73 0.4344145197914123 0.5168418436395107 -29.314560566449543 3.682478859219046
6.0 45 74 0.43544561563893364 0.5180625675736937 -29.1938797227124 0.22915903526101644
6.0 46 75 0.42902906129383356 0.5105888051560235 -28.660211234712374 0.46117226312430404
6.0 47 76 0.42579256424656325 0.506912522351753 -28.072001925510197 0.7483741211647796
6.0 48 77 0.42281371397031725 0.5033673868604777 -27.948938467840843 0.24364328283929382
6.0 49 78 0.4226798530021877 0.5031509518909332 -27.721847077488416 0.13630141204512114
6.0 50 79 0.4279439313006212 0.5092407271073583 -29.242140111601326 -1.8715550565591101
6.0 x 80 0.42737446875516844 0.5084750169816467 -29.242140111601326 -2.4019599702090098
6.0 51 81 0.4311710415091125 0.512905608871744 -29.47199762650558 -0.21583644001457714
6.0 52 82 0.4295327406265089 0.5109400274258312 -28.690447305458605 0.9376554044541372
6.0 53 83 0.42991005609325855 0.5112640980722912 -28.552882299759876 0.2783473418431761
6.0 54 84 0.4272348671089617 0.5082315240630577 -28.237842619084017 0.3087400648775045
6.0 55 85 0.41834906632498303 0.49788969393019383 -27.425305923252424 0.9779480245606571
6.0 56 86 0.4110202818554026 0.4892100202661467 -26.435590274358315 0.9875187144694415
6.0 57 87 0.408293296436556 0.4859742302381251 -26.10674723191812 0.3310463947786353
6.0 58 88 0.4088054853022866 0.48668322627908234 -26.803857868963473 -0.571818020071003
6.0 59 89 0.40356876864710906 0.48049076165486954 -25.597054505066705 1.1103467482105245
6.0 60 90 0.3900599292845421 0.46446621064351634 -23.748288952508872 1.7352098827575482
6.0 61 91 0.39047512041433124 0.46480494078252654 -23.780551380720244 0.057463927069338894
6.0 x 92 0.40070651360720105 0.47675199645305116 -23.780551380720244 -1.4797888323643917
6.0 62 93 0.38464956430062663 0.4578223111850094 -23.983525093888233 0.057099745108114774
6.0 x 94 0.3896450858753425 0.46364900296762607 -23.983525093888233 -10.95275071560404
6.0 63 95 0.372500233426103 0.4433005066404346 -21.459800827576533 2.3749054670358554
6.0 64 96 0.37614474187747227 0.4477204431492296 -21.927505581422697 -0.5718196020098532
6.0 65 97 0.3694472207355318 0.4396701655392219 -21.72584797953267 0.5065607805425287
6.0 66 98 0.3502877774047565 0.4163859447635791 -18.76624780821818 3.0103239059876117
6.0 x 99 0.36146649754808396 0.43005854859365383 -18.76624780821818 -4.762564774373828
6.0 x 100 0.3619093268229586 0.4305690173859389 -18.76624780821818 -2.4766423318732436
6.0 67 101 0.3500424049746277 0.41616959148278865 -18.375445131332246 0.2747738251659939
6.0 x 102 0.3488544010176597 0.4147175473645954 -18.375445131332246 -0.9440312454285511
6.0 68 103 0.35067163668058626 0.41703778439379374 -18.43061286297022 -0.10162078071276781
6.0 x 104 0.3499070123780017 0.4160064834161302 -18.43061286297022 -1.7475006693048698
6.0 69 105 0.3443170707572904 0.40927565149297856 -17.597660095679547 0.9306675345852149
6.0 70 106 0.3308461567029694 0.39238967636143285 -15.606670705804527 2.0674306207053466
6.0 71 107 0.32406926175975537 0.3839949514224759 -15.538797065881248 0.30634518527524257
6.0 72 108 0.30937353242123905 0.3650644752002861 -15.88556643446779 -0.030518276351564566
6.0 73 109 0.30806267021842826 0.3632076932297913 -15.439976987403684 0.45010387367855564
6.0 x 110 0.3162925109659047 0.3737160432741689 -15.439976987403684 -1.1529595832540398
6.0 74 111 0.30915629703375125 0.3646840390927672 -14.663389727620403 0.6998379113166244
6.0 x 112 0.3144804451874815 0.3715172055912251 -14.663389727620403 -5.896044398733695
6.0 75 113 0.3048130921467287 0.3592010638303836 -14.158587267712425 0.5434108344646873
6.0 76 114 0.30500439651214584 0.35996811469007367 -11.669506973423823 2.167416685354727
6.0 x 115 0.3164557371891298 0.3748583981202782 -11.669506973423823 -2.0764913202007573
6.0 x 116 0.31832760058456416 0.37721616157409027 -11.669506973423823 -2.8018480411498157
6.0 77 117 0.29882185154811797 0.3519665270971351 -10.49762150009634 1.0689460841078269
6.0 x 118 0.3027446896506905 0.35755946106580866 -10.49762150009634 -0.7614852794695288
6.0 x 119 0.30289010219836826 0.3574773163458178 -10.49762150009634 -0.8904027646664225
6.0 x 120 0.2991086784111673 0.3521876297382594 -10.49762150009634 -0.7404063162267054
6.0 x 121 0.2990546758077657 0.35252286667827126 -10.49762150009634 -0.14525313043855093
6.0 x 122 0.3052372716837299 0.36040442012684615 -10.49762150009634 -1.0805373628444777
6.0 78 123 0.29317495929747994 0.3447196257959757 -9.53449019416498 1.0526112199619657
6.0 79 124 0.297547508451151 0.35064947999577706 -10.322358700319247 -0.7564177580862435
6.0 x 125 0.2900731854172198 0.3409331978145983 -10.322358700319247 -1.525168916275172
6.0 x 126 0.30340739585924315 0.35825900499040614 -10.322358700319247 -1.9177699312846528
6.0 x 127 0.3110731292903594 0.3682746202313306 -10.322358700319247 -3.095443943579008
6.0 80 128 0.29445928193704946 0.34615494632495863 -9.752433525568938 0.5464101625181996
6.0 81 129 0.2901007694688888 0.34089496986233864 -9.015495495525547 0.7724375590398651
6.0 82 130 0.29070869555404316 0.3420596173633333 -9.115727687942174 -0.11161472557072472
6.0 x 131 0.2782065085608569 0.3244105457495785 -9.115727687942174 -0.6817443156261422
6.0 83 132 0.28821969930181407 0.33832166202644776 -9.351590063700746 -0.016392015536432325
6.0 84 133 0.2968034132786118 0.34932963792054184 -10.724860381576212 -1.4462347987612603
6.0 x 134 0.3116655080654007 0.3688929369269789 -10.724860381576212 -4.430635437986284
6.0 85 135 0.30111496462116344 0.3554680717545112 -11.012798702471109 -0.6401374255207362
6.0 x 136 0.30629773094473484 0.36242969591796603 -11.012798702471109 -1.1277430015349754
6.0 x 137 0.30729738416850155 0.3636929134371635 -11.012798702471109 -0.9845771676529811
6.0 x 138 0.31577491846827865 0.3745232348422942 -11.012798702471109 -2.2214544022672715
6.0 86 139 0.29376853139849507 0.34640386544294044 -9.85880948852724 1.1724454570284113
6.0 87 140 0.28416798792821774 0.33396486593275354 -8.184475412321436 1.7402053075564456
6.0 x 141 0.29608389867032997 0.349438271730828 -8.184475412321436 -2.22239848296673
6.0 88 142 0.27776817329737385 0.32507760809075603 -6.963227766545418 1.3026506147179058
6.0 x 143 0.28579545322259364 0.33523656563017906 -6.963227766545418 -2.535526739409174
6.0 x 144 0.28634162931237717 0.3361235881412279 -6.963227766545418 -2.265334337046732
6.0 89 145 0.27457269843979476 0.3204310865423247 -6.278016536663228 0.8012402982648563
6.0 90 146 0.2732375536402164 0.3180073412556127 -6.300391574583752 -0.16669892466634817
6.0 91 147 0.27460027810185306 0.3187200810248235 -6.361847459019114 -6.03876458251662e-05
6.0 x 148 0.2835977391408127 0.331317596186053 -6.361847459019114 -1.8679184254702532
6.0 92 149 0.27667896485935034 0.3222560861975465 -6.737736728562246 -0.22797223784348297
6.0 x 150 0.2773045172943276 0.3229260250163314 -6.737736728562246 -1.2530113292180785
6.0 93 151 0.26433216499064843 0.30509429791790227 -4.461901212920548 2.361565872411094
6.0 94 152 0.26037724459952916 0.30094224729110075 -3.9059488683426715 0.36447036170034286
6.0 95 153 0.25723978482874466 0.2962750505424303 -3.3567651295338212 0.5553015687547078
6.0 96 154 0.2607097749144953 0.300080685031779 -3.7048938821684634 -0.21118866275123205
6.0 x 155 0.2727111253648168 0.31722997328422625 -3.7048938821684634 -3.4250367291745394
6.0 97 156 0.2622907444035398 0.3017197917107907 -4.310408511204816 -0.464875102912909
6.0 98 157 0.2586045269571408 0.2952813636686186 -3.4821382322389547 0.584364014332658
6.0 x 158 0.258428779858983 0.29394365997127847 -3.4821382322389547 -0.785242870994193
6.0 99 159 0.2519038765599592 0.28497391138919365 -2.0108331055965163 1.6890926132413822
6.0 x 160 0.25088159674747534 0.28245048807238693 -2.0108331055965163 -2.2423611562594057
6.0 x 161 0.2538503793436102 0.2881260346701938 -2.0108331055965163 -1.0322895352103494
6.0 100 162 0.25060070878900814 0.28267308702012195 -1.8065268867067366 0.10952196566558192
6.0 x 163 0.25284606961449874 0.2860443189108858 -1.8065268867067366 -1.4963884915294001
6.0 x 164 0.25160692031188925 0.2859195535743568 -1.8065268867067366 -0.49892270565166386
6.0 101 165 0.25258933802413325 0.28566582413536484 -2.8468076478357958 -1.2288010159632898
6.0 102 166 0.2523796398977269 0.28655075223826154 -2.1949073730979323 0.8138247434708332
6.0 x 167 0.2569404635179352 0.29144369868124154 -2.1949073730979323 -2.3966480935408137
6.0 103 168 0.24697837066873093 0.2786674741366582 -2.113857941356733 -0.09343251728877533
6.0 104 169 0.24108972811913965 0.26842388222629354 -1.8484723326720165 0.18943829478454366
6.0 105 170 0.2395441808050861 0.2656626069903097 -0.24308577449017407 1.7992632452685993
6.0 x 171 0.24983814754459158 0.28464345637861704 -0.24308577449017407 -1.5543698415550555
6.0 106 172 0.23698073581669718 0.26092699755714543 0.6978729433528476 1.0484278769468718
6.0 x 173 0.2339799442382545 0.2555552093608876 0.6978729433528476 -0.1213881613479697
6.0 107 174 0.23623661990523737 0.2577256331263913 0.8538779503461478 0.16996278392454978
6.0 x 175 0.23362852731884237 0.249538691931236 0.8538779503461478 -1.2199467547595702
6.0 108 176 0.2352137255890128 0.25283451815994795 0.8524122547907295 -0.040169363394711444
6.0 x 177 0.23028926087117815 0.24268056418425876 0.8524122547907295 -1.932243780396906
6.0 x 178 0.2302613033207936 0.24545931397223117 0.8524122547907295 -3.2383915213756853
6.0 109 179 0.23294394577698085 0.2412392331118742 1.069090454126073 0.1934229835415121
6.0 110 180 0.2295673168656979 0.2325037111853726 1.9696378138077826 0.9564840822379279
6.0 x 181 0.2326336007238911 0.24333071106189993 1.9696378138077826 -1.2195519672850779
6.0 x 182 0.22821099346098817 0.23100645278907367 1.9696378138077826 -5.184302942381233
6.0 111 183 0.22844779068131443 0.22631680326259007 2.6185449553887703 0.7457199134146708
6.0 112 184 0.2305995809678408 0.22784095925939563 2.3341378542482114 -0.2266122220611635
6.0 113 185 0.2273695462331175 0.22054245383472884 2.664498476723199 0.2256135809213653
6.0 x 186 0.22739211566889297 0.2152915015308393 2.664498476723199 -1.6726895034861267
6.0 x 187 0.2287614606785017 0.22615204986964846 2.664498476723199 -0.5571643902628347
6.0 114 188 0.22860503693072917 0.2227727694323359 2.552628276163775 -0.09620281184143087
6.0 115 189 0.23240733585889192 0.23870743586183696 1.5497265494990355 -1.078973227444515
6.0 116 190 0.22632560245311045 0.23026536617500706 1.7598384543363992 0.07756126531938357
6.0 x 191 0.23059335105051781 0.23867589188143692 1.7598384543363992 -1.1397543659560405
6.0 x 192 0.22740280701512408 0.23128729522298072 1.7598384543363992 -2.068019582616376
6.0 117 193 0.22126727066956584 0.22034219223973822 1.088078240334218 -0.8271904191929496
6.0 x 194 0.22400979160741108 0.22340650245671076 1.088078240334218 -1.046591818041386
6.0 x 195 0.22069457419845018 0.21342655695097995 1.088078240334218 -1.1358543265786518
6.0 118 196 0.22237916191331006 0.21776378615242728 3.7789062939612155 3.0604113659582346
6.0 x 197 0.21863576652990183 0.20646829017965088 3.7789062939612155 -1.4459488123597022
6.0 x 198 0.22067813367824837 0.21373026039026213 3.7789062939612155 -1.1638014895514197
6.0 x 199 0.2287692812405616 0.23450581466048154 3.7789062939612155 -1.8983427518349547
6.0 119 200 0.2285931970917095 0.22549235140010734 1.9657928094138615 -1.4276870932433525
6.0 120 201 0.23125622931930254 0.2276589488035642 2.2396038155079743 0.02656929566367583
6.0 121 202 0.23006970637607854 0.22306829848453183 2.4981154704155433 0.22385298626246852
6.0 122 203 0.2283469547871346 0.22129887381147514 2.815077804964197 0.4245834858534021
6.0 x 204 0.22793583943157086 0.22028300963372774 2.815077804964197 -0.8310898679323282
6.0 123 205 0.22836373165192242 0.22372041842378437 2.856469276501528 0.004463559298919506
6.0 124 206 0.2279641827550744 0.21456310305176984 2.276674955293392 -0.38356551676071415
6.0 125 207 0.23050223470437592 0.22333283350776378 0.7761535783454478 -1.3988210913827857
6.0 126 208 0.2300872968834759 0.22597872134089805 0.8087973029733808 0.047739451907107266
6.0 x 209 0.23098460442255822 0.22496516756524654 0.8087973029733808 -1.6020647674595523
6.0 x 210 0.2298865865442761 0.223702603147099 0.8087973029733808 -1.91821007933064
6.0 127 211 0.22682486590561796 0.21622756366901638 1.7313288126038282 0.9255344264133019
6.0 128 212 0.22597730859679221 0.21068017111707182 0.92078388971438 -0.7139970721740024
6.0 x 213 0.22653210345555122 0.19651254602401952 0.92078388971438 -1.5955097716056086
6.0 x 214 0.22621400684230555 0.21200098191801237 0.92078388971438 -1.8416405892647272
6.0 129 215 0.2244666040955832 0.2068949358131591 3.462392612437513 2.286165679911896
6.0 x 216 0.22811244704250663 0.20746586723252308 3.462392612437513 -0.7188976824057347
6.0 130 217 0.2268008482457663 0.21593133911987522 2.898236983092597 -0.5739108722807265
6.0 x 218 0.23038194968195239 0.22412242101727559 2.898236983092597 -0.7630704727799307
6.0 131 219 0.2270978246222522 0.21512765706509224 2.7021888430894534 -0.15977924462280502
6.0 x 220 0.2295155941954109 0.21596613951262195 2.7021888430894534 -1.392647364622376
6.0 132 221 0.22640477246367266 0.211428347762231 3.083653483900456 0.3331324226963224
6.0 x 222 0.2244273126078541 0.20592628438397664 3.083653483900456 -0.9567038979815934
6.0 x 223 0.2298414294774694 0.21190647077904215 3.083653483900456 -1.8170735561745268
6.0 133 224 0.22511750077886725 0.21395879409732022 3.4426763492667156 0.12654934448238775
6.0 x 225 0.22632116128174398 0.22129256577034911 3.4426763492667156 -1.2077065251028305
6.0 134 226 0.2223385021866574 0.20597148764003348 4.195683380107131 0.8622973855137142
6.0 135 227 0.22244059713102848 0.20245107501321416 4.054823717551963 -0.03465531751703921
6.0 136 228 0.22171776806433346 0.20374287329624743 4.3388382097027725 0.17418810203357538
6.0 137 229 0.21970955729647643 0.2080801374311489 4.774794744308998 0.5173794512537802
6.0 138 230 0.21803767556727485 0.20350945782261137 4.655944355807968 0.05294604114071433
6.0 139 231 0.2183723280481865 0.19217192020831708 5.090945667939028 0.20146274433045974
6.0 x 232 0.22207614437832743 0.18673898059777444 5.090945667939028 -0.9437657024788573
6.0 140 233 0.2190966837422211 0.19578686074399942 4.108767623581926 -0.7188898786357534
6.0 141 234 0.2174320745733989 0.19531185491578748 4.691173027640811 0.566961470963089
6.0 142 235 0.21761679190802852 0.19219111089931432 3.734219876193064 -0.835440983977525
6.0 x 236 0.21765158972153636 0.1950380009345885 3.734219876193064 -1.3602022393248432
6.0 143 237 0.22124295211341757 0.18849247654526707 3.569233636727452 -0.283567987578464
6.0 144 238 0.21978474719283397 0.19012366633551378 4.5582184181757315 0.8821828575020505
6.0 x 239 0.21886356148228858 0.1789015404995699 4.5582184181757315 -0.21558440958034897
6.0 145 240 0.22007457864027968 0.19373938002302346 4.700404915249737 -0.01813289703091847
6.0 x 241 0.21941483834212147 0.1943329973022011 4.700404915249737 -0.6859301565061795
6.0 x 242 0.22144467200623033 0.19320268966442836 4.700404915249737 -1.6315916111096689
6.0 146 243 0.22315003865398303 0.20217853863851434 3.974123843044998 -0.6694303834760165
6.0 147 244 0.22264022158358707 0.20783087502221778 2.3307933079859096 -1.3399339146613753
6.0 148 245 0.22130814586001582 0.21003305345736015 4.0619750390148575 1.560311724200063
6.0 149 246 0.22162405693165893 0.2120538825124699 4.346143786173146 0.0854875008856748
6.0 x 247 0.22614380000494616 0.21690041781783803 4.346143786173146 -1.5845420509423795
6.0 150 248 0.22035469862991663 0.20954275866018127 4.598652859706488 0.3588340742324645
6.0 151 249 0.21945352638992474 0.19662326757246107 3.9301583558326905 -0.46292801656059135
6.0 152 250 0.2234408002019471 0.19520449948292 3.6867375632489456 -0.3891818218633851
6.0 x 251 0.22480793893352136 0.198077177646324 3.6867375632489456 -2.68658944230216
6.0 x 252 0.2237179114412142 0.18982641144910445 3.6867375632489456 -1.5845948395716936
6.0 153 253 0.218965956372072 0.1865074603992404 4.914058407610544 1.0560981762841082
6.0 154 254 0.21743120518069242 0.17600854652014025 5.281633259580345 0.4817543624931222
6.0 155 255 0.22191127106905606 0.17996111256184188 4.134631362636025 -1.1208432071090497
6.0 x 256 0.22338597931969434 0.17288728796378885 4.134631362636025 -1.8797978018426797
6.0 x 257 0.21997332863168723 0.1840955933887446 4.134631362636025 -2.5823202811358152
6.0 x 258 0.2250522164936939 0.1870070460485731 4.134631362636025 -0.7996429451922915
6.0 156 259 0.22488085425117013 0.1758791836030842 3.6323408148234844 -0.6627835987820685
6.0 157 260 0.22729089624255971 0.168934232633987 2.827537487874528 -0.9661908338004253
6.0 x 261 0.22970548825887022 0.16637627920005033 2.827537487874528 -1.6988269950399728
6.0 158 262 0.2277903765566543 0.1621115721247816 2.731518135805406 -0.09629808113933924
6.0 159 263 0.22327335363919443 0.16273804934257463 3.960194797567865 1.4611983249410754
6.0 160 264 0.21825839049058046 0.16847430172350367 3.88932236911995 -0.41677294791807107
6.0 161 265 0.22024783116137792 0.16138851555146946 4.66960154112149 1.1054506919963436
6.0 x 266 0.22287348317625552 0.15943001557232145 4.66960154112149 -3.446099000195617
6.0 162 267 0.22162803165707287 0.16662049194930129 3.4683198632437793 -0.9696035788475625
6.0 163 268 0.21632180839060156 0.1673500525575063 4.669569640947752 1.2459243611053465
6.0 x 269 0.2148571367405636 0.17122950152755134 4.669569640947752 -2.4913084136298114
6.0 164 270 0.21617016573282122 0.1628441606621903 5.590158997206813 0.6821872245626928
6.0 165 271 0.21271926696694687 0.16816032817049845 6.337313707161343 0.820891936250093
6.0 166 272 0.21168769020835565 0.16906431100830582 6.595740113582875 0.1281186712390836
6.0 x 273 0.21514695745598955 0.16584772773643663 6.595740113582875 -0.9294170828393691
6.0 x 274 0.2105439197465 0.1734377337534064 6.595740113582875 -1.033534422320951
6.0 x 275 0.2126427397231242 0.1675021355905531 6.595740113582875 -2.8904223619340756
6.0 x 276 0.2162565226490831 0.16540848442118028 6.595740113582875 -1.3050366434279077
6.0 x 277 0.21438452103689873 0.16826118870121864 6.595740113582875 -1.0641292210968318
6.0 x 278 0.21118339688387155 0.16750621553282913 6.595740113582875 -1.673513132764552
6.0 167 279 0.21258323154375738 0.17109985607052783 6.402418755825489 -0.19942784266445734
6.0 168 280 0.2145547346918063 0.17654228658038257 5.812767955336656 -0.4500532458962141
6.0 169 281 0.21564293166010765 0.1746639274765455 5.703993994764855 -0.2651476843605902
6.0 x 282 0.21688909261323241 0.17821328884562243 5.703993994764855 -0.3424429786957859
6.0 x 283 0.22107747435457703 0.16573563471838326 5.703993994764855 -3.835620505969554
6.0 x 284 0.2178117536801405 0.1775771378865106 5.703993994764855 -0.4918398496639096
6.0 x 285 0.21653342247619964 0.17798780456459318 5.703993994764855 -2.0441457661625893
6.0 170 286 0.2144886262705834 0.1779279361052557 5.986465251492695 0.3360896458065472
6.0 171 287 0.21269683283651009 0.1773973580094844 5.728333468220833 -0.023977937930700577
6.0 172 288 0.21106843153643878 0.1714620149670045 5.593939667757772 -0.04897399454351792
6.0 173 289 0.20802600961278417 0.1767186545486371 5.784446637434482 0.2730584344644438
6.0 174 290 0.2059163291384966 0.17469487661825767 7.834065601960784 1.8359847211059437
6.0 175 291 0.20472256761297816 0.1767860146233018 7.779144189591463 0.03368409497616298
6.0 176 292 0.20451239782532676 0.17641894071074932 7.328088107900514 -0.3661897155935625
6.0 177 293 0.20564323255046513 0.17763684842219243 8.077794069323959 0.46895763756629183
6.0 x 294 0.2090222119904552 0.1897307941290503 8.077794069323959 -0.9094962245047311
6.0 178 295 0.20558874321102474 0.17011086125324074 8.089411339040725 0.007751059345892486
6.0 x 296 0.2037982744763985 0.16997995539364663 8.089411339040725 -0.2101942086745563
6.0 x 297 0.20746832992331207 0.16494470886478652 8.089411339040725 -0.6968807697401642
6.0 179 298 0.2058657604978318 0.16463000079755719 7.740492790923941 -0.23230473438128563
6.0 x 299 0.20970277353034247 0.15974632844336561 7.740492790923941 -2.307800195393355
6.0 180 300 0.2027024585468931 0.1638176238957308 7.625749500173924 0.059316847203671585
6.0 181 301 0.20206275374211696 0.15876172638628494 8.533602080066695 0.42614898775431165
6.0 182 302 0.2003664947003204 0.15634375889743707 9.178696748941665 0.7157816732023736
6.0 183 303 0.1951328997704674 0.1642049051129106 9.537946559839172 0.22097400196662242
6.0 184 304 0.193456612526869 0.16098050321611485 10.090864759116732 0.5980452979941724
6.0 185 305 0.19258454328785882 0.16121288264937564 10.183636917363783 0.0760452924868531
6.0 x 306 0.19618235885144225 0.15457962181350385 10.183636917363783 -2.4545277045326213
6.0 x 307 0.19247794655928022 0.16038256669357098 10.183636917363783 -1.4509530523509575
6.0 186 308 0.19203767449986273 0.1680910353875967 11.478924949334617 1.6195297160208924
6.0 187 309 0.1898995691631018 0.16857662087777395 11.955033828736022 0.5856392061987385
6.0 188 310 0.1882003246282607 0.16723144990417152 11.45192960198718 -0.290804766000786
6.0 189 311 0.18901571349729523 0.17202126262642603 11.818515494556877 0.27061341863179145
6.0 190 312 0.18704089968688759 0.17686786055910889 11.013900013722074 -0.617795735758575
6.0 x 313 0.18930558298303593 0.17883396159532455 11.013900013722074 -0.8289609056674827
6.0 191 314 0.18569190261237573 0.17770498359558 13.071976850472652 1.7901992778964608
6.0 192 315 0.1851513881570663 0.1827980160196873 13.28031209696821 0.10533946826169682
6.0 193 316 0.18485682438653622 0.17983714733227843 13.35842663213427 0.13994310092182793
6.0 x 317 0.1860892275893543 0.1834321246253258 13.35842663213427 -1.790747334181484
6.0 x 318 0.18816851668912554 0.1896073544470612 13.35842663213427 -0.9031542815959632
6.0 194 319 0.18518447543587524 0.17428426536242467 12.7285667638523 -0.4582637085256014
6.0 x 320 0.187832599227332 0.1766911871966957 12.7285667638523 -2.5009767378860044
6.0 195 321 0.1852491588110034 0.18000696456866977 12.957140223019422 0.1713678207404854
6.0 x 322 0.18789536675931065 0.1860602693205061 12.957140223019422 -1.8637082936209222
6.0 x 323 0.18740568853880635 0.18400211886379614 12.957140223019422 -0.5729872274358048
6.0 196 324 0.18408820758230257 0.17882290273693532 13.138817335392602 0.22043849562100348
6.0 197 325 0.18118181961817384 0.17900609516450594 14.273850173566645 0.8907896480869315
6.0 198 326 0.17964216885222517 0.18271074830538214 14.756393545726992 0.6420112405779257
6.0 199 327 0.18045587771289068 0.17959004718271904 14.56745264202213 -0.23965335664387766
6.0 200 328 0.1793226849235171 0.175371520103644 14.810619014901393 0.17024140514424957
6.0 201 329 0.1803042597854706 0.17914925939819595 14.497081016564941 -0.34343537224749277
6.0 x 330 0.1816673339669171 0.1774870463721238 14.497081016564941 -1.5296076277484545
6.0 202 331 0.18121127555983157 0.18358080864292822 14.293594641087822 -0.19192920941509328
6.0 203 332 0.17842399357944908 0.1753359656628247 15.130873152108059 0.9417234153593839
6.0 x 333 0.17839705120379895 0.17240368213157561 15.130873152108059 -3.2520616807521474
6.0 x 334 0.17895426648913562 0.17369396162712494 15.130873152108059 -0.8263144883568927
6.0 204 335 0.17719170633012943 0.1697356238003141 15.150778854052698 0.19869900948354946
6.0 x 336 0.17698860171023195 0.16620572678249967 15.150778854052698 -0.1951387005416425
6.0 205 337 0.17644250264176453 0.16285111033022673 15.362168237381923 0.22542177951250686
6.0 206 338 0.1782143843554879 0.17126577886557395 15.107854638213203 -0.3506398050989592
6.0 207 339 0.17793352414352884 0.17745887796579013 15.267605898733985 0.08897103285221775
6.0 208 340 0.17993059966194563 0.18196722544588279 14.574182659837719 -0.6096209104026968
6.0 209 341 0.17597963730269336 0.1772336124896845 14.881651283519389 0.5120639862356082
6.0 x 342 0.17578321290452623 0.18338973559087693 14.881651283519389 -1.6740300199046985
6.0 210 343 0.17817684961444338 0.17893810245831493 10.33885792166451 -4.254785479425589
6.0 211 344 0.18119125590736634 0.17608609931869412 10.704334779932438 0.271028906614351
6.0 212 345 0.17848441604915555 0.16642401223095463 13.493120819636735 2.658894443202028
6.0 213 346 0.17743561653285175 0.1651119758154434 15.067922348667429 1.4002065500229364
6.0 214 347 0.1776400851811188 0.16692924668199194 14.333370672098559 -0.6171748812419011
6.0 215 348 0.17619535166141612 0.16341557310328583 15.740139225581514 1.1884956276986713
6.0 216 349 0.17628885714515935 0.16885343648810291 15.434966158322686 -0.19825299870628754
6.0 217 350 0.17719248746676977 0.16123145441328912 15.315921402872275 -0.4011935484575062
6.0 x 351 0.17585825387913906 0.15908725413880814 15.315921402872275 -1.6159152687472442
6.0 218 352 0.17644942394362348 0.16178916830263187 15.48268569627733 0.155534107950567
6.0 219 353 0.17719916571307354 0.166059173560675 15.251477560714301 -0.25046241328628405
6.0 220 354 0.17773058810026074 0.16208164269554684 15.096176222799349 -0.16807514585297056
6.0 x 355 0.18175361335863943 0.15905943965514338 15.096176222799349 -1.0905303017869254
6.0 221 356 0.1765392327546116 0.16321502092952264 15.44300738420103 0.6275573891454798
6.0 x 357 0.1764117090813382 0.16671877456383283 15.44300738420103 -1.4850533552598844
6.0 x 358 0.1790974358928226 0.17414779017133886 15.44300738420103 -2.9541034871410865
6.0 x 359 0.1797161597076024 0.16374296329116295 15.44300738420103 -2.41162888571842
6.0 x 360 0.18090317219970392 0.15788293591507813 15.44300738420103 -1.1800013979869544
6.0 222 361 0.17466272073307754 0.16200739535676145 15.032789526797766 -0.2366159039723179
6.0 223 362 0.1755402937185776 0.16561756268249192 15.819686512610387 0.3813468217678313
6.0 x 363 0.17793527925991595 0.1638517995732066 15.819686512610387 -1.055327401285286
6.0 x 364 0.17873416363527367 0.16844049846157969 15.819686512610387 -3.199034296058292
6.0 x 365 0.17563997684934834 0.15936276336861008 15.819686512610387 -0.9958218145041666
6.0 x 366 0.1782363948113374 0.17587780289211136 15.819686512610387 -3.8870650791769776
6.0 224 367 0.17510584815259272 0.16412665074763955 15.931266286626824 0.09650290662559868
6.0 225 368 0.17614091681967958 0.16712307343556673 15.282629173174731 -0.7702522113752686
6.0 226 369 0.17624164696997666 0.1647355323524074 14.395281660896307 -1.0216887060693267
6.0 x 370 0.17749792860883978 0.1608929687148803 14.395281660896307 -3.230606428319625
6.0 x 371 0.17531697601731255 0.16804985309209575 14.395281660896307 -3.2415897230328774
6.0 227 372 0.17416649189034433 0.1648093087275965 16.221057021905143 2.1061494002835612
6.0 228 373 0.17285088449740343 0.15958690683352372 16.5987528705511 0.3921995814944168
6.0 229 374 0.17335375381929913 0.16869043277153448 16.53668787151626 -0.023697956225568362
6.0 x 375 0.17258054360236796 0.16149394694094182 16.53668787151626 -1.2260376531791213
6.0 230 376 0.17057273689522667 0.1632023859860682 17.034464136953986 0.7441107944030243
6.0 x 377 0.17402196054626615 0.1782587651895265 17.034464136953986 -1.693157095034472
6.0 231 378 0.17141567264603405 0.1584681880156877 16.301530099671194 -0.6444818077576606
6.0 232 379 0.17073593546930022 0.16038788828116726 16.90555996965905 0.5542993892758474
6.0 x 380 0.17046774476684812 0.15762558576274718 16.90555996965905 -2.9573270441257673
6.0 x 381 0.172196255464655 0.1600416357732309 16.90555996965905 -0.5065990191568304
6.0 233 382 0.1702261360111301 0.15675241076133248 17.010048476289047 0.12106412216210316
6.0 234 383 0.17026750900950624 0.15371454764644873 17.346137365418233 0.23523343471412517
6.0 x 384 0.17310566293623736 0.1514552658956669 17.346137365418233 -0.8847462674391231
6.0 x 385 0.16992519669482836 0.1611358673070594 17.346137365418233 -0.9379591924564643
6.0 235 386 0.16853407566040368 0.15702737845856102 17.657090117298377 0.07516020808477464
6.0 236 387 0.1690196403521482 0.15496168343097272 17.07558138389476 -0.6918190767567722
6.0 x 388 0.1690401473077702 0.1500937121144374 17.07558138389476 -0.5446738475360817
6.0 237 389 0.17277160261480337 0.16014722341616652 16.656670557731836 -0.2853431239913782
6.0 238 390 0.17452938809959773 0.16156155247323445 15.995902101580455 -0.7499768094676256
6.0 239 391 0.17533277664537994 0.15844314770487622 15.872601157680004 -0.0953630378836845
6.0 x 392 0.1756723157693585 0.16120751764817465 15.872601157680004 -0.4115789588469667
6.0 x 393 0.17840081238010932 0.15391595895783305 15.872601157680004 -0.6578228100715187
6.0 240 394 0.17613506319033437 0.1551233624973949 14.841534070531267 -1.2173201042607236
6.0 241 395 0.17619329289958166 0.15798908001054107 14.348113562457598 -0.5584553248256015
6.0 242 396 0.17732084970320977 0.16583394292864162 15.308449585449623 1.2042372017459257
6.0 243 397 0.17971859902255216 0.1691032368960535 14.771191736025143 -0.46387464151465174
6.0 244 398 0.17807824958137936 0.16661556672863284 15.011716863635163 0.1255548395658579
