Sunspot 10 25.0 nan	nan nan nan 
Sunspot 10 25.0 nan	nan nan nan 
Sunspot 10 25.0 nan	nan nan nan 
Sunspot 10 25.0 nan	nan nan nan 
Sunspot 10 25.0 nan	nan nan nan 
Sunspot 10 25.0 0.17078394736842106	0.08672875838951405 0.13972815789473683 0.071829456622697 
Sunspot 10 25.0 0.16840631578947368	0.0805621509807001 0.14762473684210525 0.07750884648106618 
Sunspot 1 2.5 0.3442105263157896	0.059983839005420904 0.4057894736842104 0.07180498366179301 
Sunspot 1 2.5 0.22921052631578953	0.003540427380808872 0.1918421052631579 0.01903670459621771 
Sunspot 1 2.5 0.36184210526315785	0.009961838542498798 0.2060526315789474 0.006299320633466216 
Sunspot 10 25.0 0.20464184210526315	0.0953052886187955 0.18477894736842107 0.1007819876290943 
Sunspot 10 25.0 0.110195	0.06017370798691682 0.10319710526315791 0.0678802513102028 
Sunspot 10 25.0 0.18768500000000002	0.0951573280982052 0.17365368421052632 0.10954241217617021 
Sunspot 10 50 0.21924973684210525	0.08337706203516024 0.18081500000000003 0.08506141116709058 
Sunspot 10 50 0.19795473684210527	0.08123076973195895 0.17067236842105263 0.08712678616863354 
Sunspot 1 50 0.017319736842105266	0.006562483478412127 0.014272368421052636 0.006300545061722219 
Sunspot 11 50 0.2104176755447942	0.07041686132307459 0.18868854616275396 0.07651064008693514 
Sunspot 13 50 0.24791170896072445	0.09044838696887587 0.1865123196798989 0.06095831367385017 
Sunspot 40 50 0.32032421052631577	0.05512440612553137 0.315985 0.1018652530306581 
Sunspot 21 50 0.22849857834877846	0.058244799458350996 0.21276405855096883 0.07891590210744677 
