20 25 1.0 20 25 1.0 61.75000000000001 61.45 67.15 74.55000000000001 20 25 1.0 55.25 20 25 1.0 20 25 1.0 59.699999999999996 62.7 63.800000000000004 72.3 70.1 78.55 76.4 79.0 79.95 86.55000000000001 86.65 88.64999999999999 89.8 87.5 92.05 90.75 88.7 92.95 95.7 95.05 81.8425 
20 25 2.0 42.8 55.900000000000006 71.3 63.5 75.1 69.75 71.45 81.55 82.65 86.35000000000001 85.5 88.5 89.95 90.35 90.10000000000001 94.55 90.85 94.35 95.5 95.85000000000001 80.79249999999999 
20 25 3.0 58.050000000000004 59.150000000000006 68.35 65.05 71.2 72.05 20 25 1.0 58.650000000000006 55.25 61.199999999999996 66.14999999999999 72.39999999999999 71.35000000000001 70.85000000000001 76.85 82.95 84.85000000000001 85.1 88.0 87.85 93.35 92.2 92.25 95.15 96.65 93.95 94.1 80.95500000000001 
20 25 2.0 58.699999999999996 62.74999999999999 61.25000000000001 63.55 72.8 65.4 79.45 80.75 78.0 84.39999999999999 84.25 86.35000000000001 92.0 93.55 93.35 91.45 94.89999999999999 94.75 94.15 93.7 81.275 
20 25 3.0 55.7 51.349999999999994 65.64999999999999 72.3 66.3 69.8 78.05 84.75 86.05000000000001 82.75 80.95 86.3 90.10000000000001 90.5 92.30000000000001 90.2 92.5 92.45 91.75 96.0 80.7875 
20 25 4.0 58.3 62.64999999999999 60.199999999999996 67.0 69.1 76.0 78.2 84.25 83.05 84.05 84.8 82.19999999999999 90.64999999999999 89.4 92.7 91.75 93.85 94.55 94.65 94.69999999999999 81.60249999999999 
20 25 5.0 61.25000000000001 59.3 63.65 66.0 73.05 71.8 78.5 79.0 85.5 85.0 87.3 89.05 84.95 91.2 90.85 90.5 93.5 94.65 94.6 97.89999999999999 81.87750000000001 
20 25 6.0 56.55 64.14999999999999 62.0 66.05 71.0 75.3 80.85 75.14999999999999 85.5 81.75 87.64999999999999 89.60000000000001 92.7 89.0 92.60000000000001 93.35 93.65 92.85 95.65 95.39999999999999 82.03750000000001 
20 25 7.0 62.3 63.55 59.8 73.45 63.55 74.85000000000001 75.25 71.85000000000001 83.2 86.65 82.95 88.14999999999999 89.75 88.4 94.05 90.95 93.55 96.05 95.1 94.89999999999999 81.41499999999999 
20 25 8.0 57.49999999999999 60.699999999999996 65.4 66.7 75.14999999999999 78.64999999999999 78.3 78.85 82.39999999999999 86.55000000000001 85.8 84.2 89.2 89.5 95.15 95.3 93.25 94.19999999999999 91.64999999999999 92.65 82.055 
20 25 9.0 56.89999999999999 58.75 62.050000000000004 67.85 76.64999999999999 77.05 74.35000000000001 74.65 80.65 84.95 82.75 90.10000000000001 90.10000000000001 87.3 92.95 92.10000000000001 95.0 94.45 95.45 93.45 81.37500000000001 
20 25 10.0 56.49999999999999 60.650000000000006 72.39999999999999 71.35000000000001 73.05 82.1 80.65 81.5 83.15 83.75 86.0 88.3 88.4 88.94999999999999 91.55 93.7 93.7 91.85 94.75 96.95 82.9625 
20 25 11.0 53.349999999999994 68.60000000000001 68.10000000000001 64.85 70.5 73.15 83.55 82.1 83.89999999999999 82.55 88.14999999999999 87.4 93.05 85.2 89.14999999999999 93.89999999999999 93.35 94.5 94.0 94.55 82.195 
20 25 12.0 60.650000000000006 62.1 71.6 73.85000000000001 68.05 70.75 76.4 77.64999999999999 80.10000000000001 85.25 85.15 89.35 88.1 90.2 91.10000000000001 95.1 90.95 94.0 93.0 94.8 81.9075 
20 25 13.0 61.3 57.95 72.15 75.25 69.89999999999999 74.3 73.35000000000001 85.39999999999999 78.4 85.6 82.1 87.25 86.65 91.14999999999999 93.15 91.64999999999999 91.95 93.89999999999999 96.3 94.1 82.09 
20 25 14.0 48.0 65.55 70.19999999999999 69.75 64.9 75.14999999999999 75.05 79.4 84.2 82.65 80.05 84.6 88.9 90.0 91.64999999999999 95.35 92.7 93.60000000000001 93.10000000000001 93.35 80.9075 
20 25 15.0 63.349999999999994 52.300000000000004 70.85000000000001 65.7 73.9 76.9 71.95 80.55 81.6 84.75 85.5 90.05 88.05 92.15 90.14999999999999 91.4 90.8 94.35 94.45 96.25 81.75 
20 25 16.0 58.85 65.2 65.8 66.14999999999999 71.7 74.4 75.85 83.05 81.6 86.9 87.7 87.35000000000001 87.55 89.75 92.35 94.25 92.95 94.75 92.25 95.15 82.1775 
20 25 17.0 56.75 58.050000000000004 58.550000000000004 67.60000000000001 74.55000000000001 80.25 76.5 79.60000000000001 78.05 88.35 85.95 87.94999999999999 89.14999999999999 96.05 88.7 88.55 92.45 91.0 93.95 94.45 81.3225 
20 25 18.0 60.25 62.150000000000006 62.949999999999996 74.4 70.45 73.9 79.9 78.75 79.9 84.45 83.65 86.1 92.55 88.8 88.0 92.60000000000001 93.85 93.30000000000001 94.8 96.15 81.845 
20 25 19.0 59.099999999999994 58.9 64.95 71.85000000000001 69.1 73.55000000000001 76.8 78.45 81.2 83.25 87.64999999999999 86.9 88.25 88.5 93.10000000000001 94.95 92.2 93.15 93.15 96.2 81.56000000000002 
