5.00 50000.00 4.00 100000.00 0.00 0.01 82.67 13.93 96.52 91.98 8.40 100.00 0.15 68.67 5.38 Cancer_0 
6.00 50000.00 4.00 100000.00 0.00 0.01 78.20 2.07 80.33 77.33 1.31 79.00 0.12 46.99 102.66 bank-additional_0 
7.00 50000.00 4.00 100000.00 0.00 0.01 87.52 2.72 92.05 82.09 1.77 86.22 0.07 38.27 230.27 PenDigit_0 
5.00 50000.00 4.00 100000.00 0.00 0.01 94.26 7.40 97.34 97.57 4.49 100.00 0.33 80.87 10.83 Cancer_1 
6.00 50000.00 4.00 100000.00 0.00 0.01 67.70 4.43 78.42 68.53 3.85 78.05 0.06 3.28 182.18 bank-additional_1 
5.00 50000.00 4.00 100000.00 0.00 0.01 45.40 16.46 95.71 38.62 26.62 99.05 0.15 77.35 12.64 Cancer_2 
5.00 50000.00 4.00 100000.00 0.00 0.01 95.75 0.77 96.93 98.59 0.32 99.52 0.06 81.44 11.73 Cancer_3 
6.00 50000.00 4.00 100000.00 0.00 0.01 64.60 9.73 79.05 66.06 8.47 78.72 0.50 13.68 244.31 bank-additional_3 
5.00 50000.00 4.00 100000.00 0.00 0.01 81.94 15.54 96.93 90.83 9.42 99.52 0.03 89.25 11.99 Cancer_4 
6.00 50000.00 4.00 100000.00 0.00 0.01 78.85 0.71 80.10 78.04 0.55 79.38 0.05 57.80 203.90 bank-additional_4 
7.00 50000.00 4.00 100000.00 0.00 0.01 88.69 3.35 93.55 84.08 2.88 89.48 0.13 47.33 300.21 PenDigit_3 
5.00 50000.00 4.00 100000.00 0.00 0.01 95.27 0.94 96.73 98.76 0.49 100.00 0.11 90.20 10.62 Cancer_5 
