4.000000000000000000e+04
inf
1.250000000000000000e-01
5.000000000000000000e+00
2.560728125000000244e-01
1.957983154251839997e-01
2.552959375000000142e-01
2.226368257296983677e-01
3.576599999999999824e+01
8.000000000000000000e+04
inf
1.250000000000000000e-01
1.000000000000000000e+01
3.753276562500000302e-01
2.495829624421143089e-01
4.278454687500000131e-01
2.951774734081054063e-01
5.927000000000000313e+01
1.200000000000000000e+05
inf
1.250000000000000000e-01
1.500000000000000000e+01
3.420781250000000662e-01
1.279688118767656480e-01
3.161184374999999602e-01
1.431965110057687729e-01
8.194866666666665367e+01
1.600000000000000000e+05
inf
1.250000000000000000e-01
2.000000000000000000e+01
5.760685156249999439e-01
2.179942132818188938e-01
6.624688281249998534e-01
2.573247177331381974e-01
6.204199999999999449e+01
2.000000000000000000e+05
inf
1.250000000000000000e-01
2.500000000000000000e+01
2.493199375000000606e-01
1.294872605316680914e-01
1.903584375000000051e-01
1.185535359977027137e-01
7.532959999999999923e+01
2.400000000000000000e+05
inf
1.250000000000000000e-01
3.000000000000000000e+01
4.841092708333333272e-01
2.048574512961431060e-01
5.595703645833332018e-01
2.396230987945626723e-01
5.071899999999998698e+01
2.800000000000000000e+05
inf
1.250000000000000000e-01
3.500000000000000000e+01
3.921016964285714002e-01
1.466805378826744610e-01
4.172178125000000626e-01
2.030151231713693827e-01
7.003485714285713470e+01
3.200000000000000000e+05
inf
1.250000000000000000e-01
4.000000000000000000e+01
3.000063281250000546e-01
1.311789032102907704e-01
2.884385546875000150e-01
1.772938409228055068e-01
5.743650000000000233e+01
3.600000000000000000e+05
inf
1.250000000000000000e-01
4.500000000000000000e+01
4.431062499999999793e-01
1.080636699658727023e-01
4.771633680555555368e-01
1.537989410987626038e-01
6.558844444444444832e+01
4.000000000000000000e+05
inf
1.250000000000000000e-01
5.000000000000000000e+01
5.696659687500000846e-01
1.839496975687213154e-01
6.475669062499996853e-01
2.245462822388821222e-01
5.902479999999999905e+01
4.000000000000000000e+04
1.000000000000000000e+01
1.250000000000000000e-01
5.000000000000000000e+00
5.808687500000000309e-02
5.187505376126733125e-02
5.149187499999999251e-02
3.993963331058980604e-02
1.363000000000000078e+01
8.000000000000000000e+04
2.000000000000000000e+01
1.250000000000000000e-01
1.000000000000000000e+01
4.322140625000001068e-02
3.471980312836553395e-02
3.939390625000001311e-02
2.712689786662328753e-02
2.805200000000000315e+01
1.200000000000000000e+05
3.000000000000000000e+01
1.250000000000000000e-01
1.500000000000000000e+01
5.224406250000000057e-02
4.659632290745798627e-02
4.504875000000001239e-02
4.746177978230659705e-02
3.077866666666666617e+01
1.600000000000000000e+05
4.000000000000000000e+01
1.250000000000000000e-01
2.000000000000000000e+01
2.117053906250000173e-01
2.382859828264477509e-01
2.287648437499999743e-01
2.809117955676445066e-01
4.487800000000000011e+01
2.000000000000000000e+05
5.000000000000000000e+01
1.250000000000000000e-01
2.500000000000000000e+01
6.513175000000001602e-02
6.172079383755121190e-02
5.510575000000000889e-02
4.910490114985977678e-02
3.692479999999999762e+01
2.400000000000000000e+05
6.000000000000000000e+01
1.250000000000000000e-01
3.000000000000000000e+01
8.252520833333334971e-02
1.026079075796464263e-01
7.007041666666666280e-02
8.989438386143146220e-02
4.120433333333333792e+01
2.800000000000000000e+05
7.000000000000000000e+01
1.250000000000000000e-01
3.500000000000000000e+01
9.567258928571428789e-02
9.253857467145347460e-02
8.616758928571430221e-02
8.055931789399410625e-02
4.068971428571428817e+01
3.200000000000000000e+05
8.000000000000000000e+01
1.250000000000000000e-01
4.000000000000000000e+01
1.273421093750000122e-01
1.240439047471722234e-01
1.012059375000000233e-01
1.005077908783497953e-01
4.244825000000000159e+01
3.600000000000000000e+05
9.000000000000000000e+01
1.250000000000000000e-01
4.500000000000000000e+01
3.878788194444444948e-02
2.377505708224147973e-02
3.454336805555555806e-02
1.684613254464529739e-02
3.776466666666666328e+01
4.000000000000000000e+05
1.000000000000000000e+02
1.250000000000000000e-01
5.000000000000000000e+01
5.873290625000002207e-02
4.722177501882697526e-02
4.966431250000000880e-02
4.440201080922286797e-02
4.624499999999999744e+01
4.000000000000000000e+04
1.500000000000000000e+01
1.250000000000000000e-01
5.000000000000000000e+00
3.808343750000001138e-02
1.162346390640904385e-02
3.408156250000000248e-02
1.064866059927697083e-02
1.830199999999999960e+01
8.000000000000000000e+04
1.500000000000000000e+01
1.250000000000000000e-01
1.000000000000000000e+01
6.385015625000002581e-02
6.253976022779896005e-02
5.296046875000000320e-02
5.778575462240043842e-02
3.277800000000000580e+01
1.200000000000000000e+05
1.500000000000000000e+01
1.250000000000000000e-01
1.500000000000000000e+01
4.742895833333333339e-02
3.213921791334688888e-02
4.085781250000000697e-02
3.086146112410823386e-02
2.636866666666666958e+01
1.600000000000000000e+05
1.500000000000000000e+01
1.250000000000000000e-01
2.000000000000000000e+01
3.725718750000001772e-02
1.166138572768450100e-02
3.496507812500000700e-02
9.879130425429481430e-03
3.060850000000000293e+01
2.000000000000000000e+05
1.500000000000000000e+01
1.250000000000000000e-01
2.500000000000000000e+01
4.705118750000002181e-02
3.450891377368815044e-02
4.072812500000001085e-02
2.749442823526932617e-02
3.096680000000000277e+01
2.400000000000000000e+05
1.500000000000000000e+01
1.250000000000000000e-01
3.000000000000000000e+01
3.888645833333333884e-02
1.988719814243819495e-02
3.409437500000000315e-02
1.748474482778368533e-02
2.795200000000000529e+01
2.800000000000000000e+05
1.500000000000000000e+01
1.250000000000000000e-01
3.500000000000000000e+01
5.313312500000001715e-02
5.670457237061554689e-02
4.972352678571428930e-02
4.898068943534567010e-02
3.044142857142856684e+01
3.200000000000000000e+05
1.500000000000000000e+01
1.250000000000000000e-01
4.000000000000000000e+01
7.498808593750001805e-02
7.767326306751323739e-02
5.856007812500000492e-02
5.381164401171829176e-02
3.841400000000000148e+01
3.600000000000000000e+05
1.500000000000000000e+01
1.250000000000000000e-01
4.500000000000000000e+01
4.266072916666668186e-02
2.111437190297653019e-02
3.540256944444444831e-02
1.930435382837997552e-02
3.367733333333332979e+01
4.000000000000000000e+05
1.500000000000000000e+01
1.250000000000000000e-01
5.000000000000000000e+01
3.594978125000001384e-02
2.316873789348803531e-02
3.175212500000000604e-02
2.501375987300540060e-02
2.712880000000000180e+01
8.000000000000000000e+04
1.500000000000000000e+01
1.250000000000000000e-01
1.000000000000000000e+01
3.983968750000001224e-02
2.250463674228811092e-02
3.882031250000000933e-02
1.834944378999930209e-02
2.583999999999999631e+01
1.000000000000000000e+05
1.500000000000000000e+01
1.250000000000000000e-01
1.000000000000000000e+01
3.845312500000000466e-02
2.193674834004290253e-02
3.270400000000000390e-02
1.819658990030824375e-02
2.616100000000000136e+01
1.200000000000000000e+05
1.500000000000000000e+01
1.250000000000000000e-01
1.000000000000000000e+01
4.542208333333333514e-02
6.346945600570184920e-02
3.856479166666666736e-02
4.346860181448901350e-02
3.117999999999999972e+01
1.400000000000000000e+05
1.500000000000000000e+01
1.250000000000000000e-01
1.000000000000000000e+01
4.034705357142858578e-02
2.456689301458341024e-02
3.451303571428572525e-02
1.649892879852278560e-02
2.321700000000000230e+01
1.600000000000000000e+05
1.500000000000000000e+01
1.250000000000000000e-01
1.000000000000000000e+01
2.987953125000001112e-02
1.804740770250047588e-02
2.835500000000001214e-02
1.344439613742469397e-02
1.739400000000000190e+01
1.800000000000000000e+05
1.500000000000000000e+01
1.250000000000000000e-01
1.000000000000000000e+01
3.118416666666666906e-02
2.557769697683684798e-02
2.936645833333334163e-02
2.869902509882982233e-02
1.957700000000000173e+01
2.000000000000000000e+05
1.500000000000000000e+01
1.250000000000000000e-01
1.000000000000000000e+01
4.090112500000001039e-02
4.520105611304203741e-02
3.871368750000001024e-02
4.281821779514350529e-02
1.894000000000000128e+01
2.400000000000000000e+05
1.500000000000000000e+01
1.250000000000000000e-01
1.000000000000000000e+01
2.521651041666667092e-02
6.617133561657052333e-03
2.342390625000000809e-02
6.064693877232739047e-03
1.795599999999999952e+01
2.800000000000000000e+05
1.500000000000000000e+01
1.250000000000000000e-01
1.000000000000000000e+01
2.324544642857143129e-02
2.374947606145362544e-02
2.026500000000000523e-02
2.028342365085342505e-02
1.722899999999999920e+01
3.200000000000000000e+05
1.500000000000000000e+01
1.250000000000000000e-01
1.000000000000000000e+01
1.966285156250000693e-02
6.645957628972013441e-03
1.811222656250000354e-02
6.916916460654229555e-03
1.799000000000000199e+01
3.600000000000000000e+05
1.500000000000000000e+01
1.250000000000000000e-01
1.000000000000000000e+01
2.298565972222222503e-02
1.635933525275366784e-02
2.146475694444444429e-02
1.465110351870889047e-02
1.733599999999999852e+01
4.000000000000000000e+05
1.500000000000000000e+01
1.250000000000000000e-01
1.000000000000000000e+01
2.746418750000001463e-02
3.003714833277026930e-02
2.415243749999999509e-02
1.918727801978680966e-02
1.676299999999999812e+01
8.000000000000000000e+02
1.500000000000000000e+01
1.250000000000000000e-01
1.000000000000000000e+01
5.621562500000000240e-01
6.872087451240672246e-03
6.636718750000000222e-01
7.253349845717843060e-03
4.275000000000000000e+01
8.000000000000000000e+05
1.500000000000000000e+01
1.250000000000000000e-01
1.000000000000000000e+01
1.901970312499999885e-02
2.342474891619684974e-02
1.678875000000000506e-02
2.563092733276538943e-02
1.373599999999999888e+01
