0.46489
0.13652
0.55047
0.16106
50.37500
0.31316
0.13486
0.32913
0.18879
61.37500
0.27542
0.11524
0.28650
0.15900
60.85000
0.28215
0.12897
0.29588
0.17510
58.35000
0.20990
0.08735
0.19746
0.10518
59.75000
0.18834
0.07923
0.17761
0.08989
59.30000
0.23845
0.12290
0.24857
0.16091
59.65000
0.22676
0.09132
0.22643
0.11968
60.55000
0.19531
0.08659
0.18506
0.10085
59.35000
0.20203
0.08588
0.19502
0.10954
59.82500
0.21176
0.08370
0.20578
0.10811
59.60000
0.19551
0.08031
0.18545
0.09717
59.70000
0.19435
0.06554
0.17647
0.07650
60.55000
0.18467
0.07166
0.17429
0.08470
60.57500
0.19465
0.07805
0.18290
0.09543
60.25000
0.20316
0.07053
0.19340
0.08809
60.15000
0.22835
0.10849
0.22683
0.14405
60.27500
