20 50 1.0 47.199999999999996 81.10000000000001 89.95 92.2 90.75 90.10000000000001 92.75 95.0 95.0 93.85 93.95 95.35 94.5 95.5 96.95 96.7 94.3 97.0 95.65 95.7 91.175 
20 50 2.0 54.449999999999996 80.65 87.05000000000001 89.25 94.1 94.35 92.9 94.95 93.10000000000001 92.95 93.85 96.25 97.0 94.6 95.0 97.65 97.75 96.55 97.7 95.15 91.7625 
20 50 3.0 52.1 81.45 84.8 88.44999999999999 87.75 92.80000000000001 92.4 92.85 96.15 94.15 96.39999999999999 97.45 95.55 95.0 95.19999999999999 96.2 95.15 97.3 96.8 98.4 91.31750000000001 
20 50 4.0 58.8 79.7 84.65 87.75 93.0 95.5 93.55 96.85000000000001 92.15 93.2 94.95 95.89999999999999 95.65 94.39999999999999 97.3 95.45 95.45 96.39999999999999 96.05 94.39999999999999 91.555 
20 50 5.0 48.8 82.55 88.6 90.45 94.15 91.9 92.45 92.05 95.95 94.05 94.6 96.85000000000001 95.5 94.0 95.5 95.7 95.8 96.39999999999999 94.39999999999999 95.85000000000001 91.2775 
20 50 6.0 55.7 79.55 87.45 86.15 90.7 92.0 93.95 93.95 93.55 95.15 92.60000000000001 95.55 96.85000000000001 96.3 97.65 96.89999999999999 96.35000000000001 96.75 97.65 95.7 91.52250000000001 
20 50 7.0 58.45 83.0 90.7 88.6 90.55 91.75 94.25 94.19999999999999 96.1 94.5 97.8 95.65 95.6 96.35000000000001 96.55 94.15 97.6 97.15 95.6 97.15 92.285 
20 50 8.0 58.550000000000004 85.25 84.85000000000001 90.2 94.75 92.9 91.2 96.2 92.85 95.7 92.55 95.0 95.95 95.1 95.6 96.2 96.8 95.3 98.35000000000001 98.3 92.08 
20 50 9.0 62.4 80.60000000000001 87.8 88.8 89.75 92.7 89.8 91.95 93.10000000000001 95.85000000000001 93.89999999999999 95.39999999999999 95.3 96.1 96.55 97.05 96.85000000000001 96.45 95.65 97.85000000000001 91.69250000000001 
20 50 10.0 52.900000000000006 82.55 85.8 90.9 88.7 92.35 91.45 94.95 95.25 94.45 96.7 96.65 93.95 95.5 97.35000000000001 96.1 96.7 95.85000000000001 96.6 97.15 91.5925 
20 50 11.0 60.650000000000006 85.7 87.94999999999999 86.8 91.3 90.9 90.9 92.05 94.69999999999999 95.75 96.85000000000001 95.8 96.85000000000001 96.6 95.7 95.15 97.0 95.89999999999999 95.95 96.35000000000001 91.94250000000001 
20 50 12.0 51.2 80.45 89.75 90.9 95.75 93.65 91.60000000000001 94.95 96.0 95.25 94.8 94.6 93.60000000000001 96.5 96.85000000000001 95.85000000000001 96.7 97.05 96.35000000000001 97.5 91.965 
20 50 13.0 55.15 79.5 86.4 88.55 91.25 93.85 92.25 96.5 93.75 94.8 94.89999999999999 92.65 96.5 96.05 97.0 96.1 96.8 97.45 95.55 97.2 91.61 
20 50 14.0 60.35 77.75 86.85000000000001 90.75 92.9 92.85 94.15 93.75 94.65 95.35 96.2 95.0 94.19999999999999 95.15 97.15 92.75 96.35000000000001 96.75 95.15 97.35000000000001 91.77000000000001 
20 50 15.0 53.949999999999996 80.2 87.8 90.0 91.5 91.9 91.3 93.8 95.05 93.75 91.8 95.89999999999999 93.2 96.85000000000001 97.65 97.6 96.3 95.25 95.3 95.5 91.22999999999999 
20 50 16.0 55.75 90.4 87.3 88.55 91.85 90.05 92.80000000000001 96.7 93.85 94.25 95.15 95.19999999999999 96.8 94.75 96.45 96.2 95.25 94.05 96.05 97.0 91.91999999999999 
20 50 17.0 56.95 83.75 88.1 89.5 92.75 90.45 92.15 92.35 93.2 93.89999999999999 94.55 96.39999999999999 95.75 97.05 95.5 96.8 95.85000000000001 95.75 96.2 96.85000000000001 91.68999999999998 
20 50 18.0 53.2 84.05 85.8 89.75 89.05 93.8 94.05 96.7 93.0 91.55 96.65 97.6 95.05 92.85 97.25 95.7 96.75 94.8 97.89999999999999 98.05 91.6775 
20 50 19.0 56.65 79.25 92.2 87.35000000000001 91.3 93.5 93.05 90.85 95.75 92.65 93.8 93.45 95.75 93.89999999999999 97.05 95.7 95.75 97.6 98.35000000000001 97.85000000000001 91.58749999999998 
