10 25 1.0 20 25 1.0 10 25 1.0 44.375 48.199999999999996 61.050000000000004 69.925 84.075 86.45 87.775 93.25 95.825 94.375 76.53 
10 25 2.0 39.0 50.724999999999994 57.425000000000004 72.45 77.95 82.69999999999999 86.95 91.35 93.425 92.27499999999999 74.42499999999998 
10 25 3.0 43.875 46.35 68.72500000000001 74.225 80.575 84.375 88.625 91.875 95.775 94.375 76.8775 
10 25 4.0 42.0 54.6 60.4 76.14999999999999 88.425 86.05000000000001 89.325 92.72500000000001 94.45 95.525 77.965 
10 25 5.0 45.025 55.15 57.699999999999996 69.325 76.1 80.825 87.325 94.175 92.80000000000001 93.175 75.16 
10 25 6.0 44.725 50.175000000000004 67.575 74.075 76.5 86.325 89.8 89.3 93.5 93.4 76.5375 
10 25 7.0 42.475 56.525000000000006 56.39999999999999 72.89999999999999 79.925 85.1 87.075 91.95 92.07499999999999 95.025 75.945 
10 25 8.0 42.575 54.474999999999994 60.375 72.45 78.85 84.95 88.75 92.0 92.35 95.05 76.18249999999999 
10 25 9.0 50.975 48.6 65.10000000000001 69.85 75.64999999999999 88.4 90.575 85.0 95.05 95.05 76.42499999999998 
10 25 10.0 46.125 46.325 60.050000000000004 67.675 80.975 83.475 88.02499999999999 92.325 95.19999999999999 95.825 75.6 
10 25 11.0 48.4 46.7 61.9 70.0 78.5 80.2 87.45 90.525 94.5 96.075 75.425 
10 25 12.0 43.4 59.050000000000004 57.775 72.82499999999999 71.075 86.575 86.575 94.6 96.6 96.025 76.45 
10 25 13.0 43.9 55.1 50.775000000000006 61.875 79.75 86.725 89.0 94.6 94.75 97.02499999999999 75.35 
10 25 14.0 42.625 54.125 59.75 74.125 79.10000000000001 86.02499999999999 89.025 93.0 94.125 97.275 76.91749999999999 
10 25 15.0 41.275 53.37499999999999 57.550000000000004 78.225 75.25 79.925 84.3 94.025 95.45 94.69999999999999 75.4075 
10 25 16.0 41.5 55.375 61.425 77.10000000000001 78.525 85.2 87.25 89.875 91.725 95.0 76.2975 
10 25 17.0 42.025 48.5 62.475 72.39999999999999 81.10000000000001 84.22500000000001 89.9 92.975 95.625 95.42500000000001 76.465 
10 25 18.0 43.175000000000004 65.025 57.425000000000004 72.0 81.89999999999999 89.825 88.14999999999999 90.14999999999999 92.625 94.55 77.48249999999999 
10 25 19.0 47.349999999999994 49.4 65.7 72.1 79.175 84.2 90.2 91.025 93.825 97.89999999999999 77.0875 
